   0.0000000e+00   1.0000000e+00   0.0000000e+00
   8.0808081e-05   1.0000000e+00   2.6938682e-06
   1.6161616e-04   1.0000000e+00   1.5485135e-04
   2.4242424e-04   1.0000000e+00   1.5549329e-03
   3.2323232e-04   1.0000000e+00   7.5589794e-03
   4.0404040e-04   1.0000000e+00   2.4482815e-02
   4.8484848e-04   1.0000000e+00   6.0901606e-02
   5.6565657e-04   1.0000000e+00   1.2549709e-01
   6.4646465e-04   1.0000000e+00   2.2410134e-01
   7.2727273e-04   1.0000000e+00   3.5698186e-01
   8.0808081e-04   1.0000000e+00   5.1739265e-01
   8.8888889e-04   1.0000000e+00   6.9202073e-01
   9.6969697e-04   1.0000000e+00   8.6334641e-01
   1.0505051e-03   1.0000000e+00   1.0133251e+00
   1.1313131e-03   1.0000000e+00   1.1273850e+00
   1.2121212e-03   1.0000000e+00   1.1976401e+00
   1.2929293e-03   1.0000000e+00   1.2244523e+00
   1.3737374e-03   1.0000000e+00   1.2159562e+00
   1.4545455e-03   1.0000000e+00   1.1857299e+00
   1.5353535e-03   1.0000000e+00   1.1492849e+00
   1.6161616e-03   1.0000000e+00   1.1203306e+00
   1.6969697e-03   1.0000000e+00   1.1077718e+00
   1.7777778e-03   1.0000000e+00   1.1141428e+00
   1.8585859e-03   1.0000000e+00   1.1357632e+00
   1.9393939e-03   1.0000000e+00   1.1644302e+00
   2.0202020e-03   1.0000000e+00   1.1900854e+00
   2.1010101e-03   1.0000000e+00   1.2036905e+00
   2.1818182e-03   1.0000000e+00   1.1995617e+00
   2.2626263e-03   1.0000000e+00   1.1766223e+00
   2.3434343e-03   1.0000000e+00   1.1383579e+00
   2.4242424e-03   1.0000000e+00   1.0916150e+00
   2.5050505e-03   1.0000000e+00   1.0446627e+00
   2.5858586e-03   1.0000000e+00   1.0050826e+00
   2.6666667e-03   1.0000000e+00   9.7803978e-01
   2.7474747e-03   1.0000000e+00   9.6532936e-01
   2.8282828e-03   1.0000000e+00   9.6535737e-01
   2.9090909e-03   1.0000000e+00   9.7395716e-01
   2.9898990e-03   1.0000000e+00   9.8574354e-01
   3.0707071e-03   1.0000000e+00   9.9560277e-01
   3.1515152e-03   1.0000000e+00   9.9992795e-01
   3.2323232e-03   1.0000000e+00   9.9731892e-01
   3.3131313e-03   1.0000000e+00   9.8863448e-01
   3.3939394e-03   1.0000000e+00   9.7646263e-01
   3.4747475e-03   1.0000000e+00   9.6421451e-01
   3.5555556e-03   1.0000000e+00   9.5511924e-01
   3.6363636e-03   1.0000000e+00   9.5138845e-01
   3.7171717e-03   1.0000000e+00   9.5374361e-01
   3.7979798e-03   1.0000000e+00   9.6138291e-01
   3.8787879e-03   1.0000000e+00   9.7234285e-01
   3.9595960e-03   1.0000000e+00   9.8411385e-01
   4.0404040e-03   1.0000000e+00   9.9432174e-01
   4.1212121e-03   1.0000000e+00   1.0012927e+00
   4.2020202e-03   1.0000000e+00   1.0043718e+00
   4.2828283e-03   1.0000000e+00   1.0039448e+00
   4.3636364e-03   1.0000000e+00   1.0011939e+00
   4.4444444e-03   1.0000000e+00   9.9768399e-01
   4.5252525e-03   1.0000000e+00   9.9490637e-01
   4.6060606e-03   1.0000000e+00   9.9390215e-01
   4.6868687e-03   1.0000000e+00   9.9505172e-01
   4.7676768e-03   1.0000000e+00   9.9806304e-01
   4.8484848e-03   1.0000000e+00   1.0021362e+00
   4.9292929e-03   1.0000000e+00   1.0062391e+00
   5.0101010e-03   1.0000000e+00   1.0094089e+00
   5.0909091e-03   1.0000000e+00   1.0109980e+00
   5.1717172e-03   1.0000000e+00   1.0108069e+00
   5.2525253e-03   1.0000000e+00   1.0090857e+00
   5.3333333e-03   1.0000000e+00   1.0064184e+00
   5.4141414e-03   1.0000000e+00   1.0035350e+00
   5.4949495e-03   1.0000000e+00   1.0011107e+00
   5.5757576e-03   1.0000000e+00   9.9960316e-01
   5.6565657e-03   1.0000000e+00   9.9916673e-01
   5.7373737e-03   1.0000000e+00   9.9965572e-01
   5.8181818e-03   1.0000000e+00   1.0007041e+00
   5.8989899e-03   1.0000000e+00   1.0018519e+00
   5.9797980e-03   1.0000000e+00   1.0026788e+00
   6.0606061e-03   1.0000000e+00   1.0029104e+00
   6.1414141e-03   1.0000000e+00   1.0024721e+00
   6.2222222e-03   1.0000000e+00   1.0014842e+00
   6.3030303e-03   1.0000000e+00   1.0002062e+00
   6.3838384e-03   1.0000000e+00   9.9895164e-01
   6.4646465e-03   1.0000000e+00   9.9799966e-01
   6.5454545e-03   1.0000000e+00   9.9752603e-01
   6.6262626e-03   1.0000000e+00   9.9756976e-01
   6.7070707e-03   1.0000000e+00   9.9803934e-01
   6.7878788e-03   1.0000000e+00   9.9875193e-01
   6.8686869e-03   1.0000000e+00   9.9949140e-01
   6.9494949e-03   1.0000000e+00   1.0000677e+00
   7.0303030e-03   1.0000000e+00   1.0003617e+00
   7.1111111e-03   1.0000000e+00   1.0003467e+00
   7.1919192e-03   1.0000000e+00   1.0000823e+00
   7.2727273e-03   1.0000000e+00   9.9968736e-01
   7.3535354e-03   1.0000000e+00   9.9930079e-01
   7.4343434e-03   1.0000000e+00   9.9904216e-01
   7.5151515e-03   1.0000000e+00   9.9898240e-01
   7.5959596e-03   1.0000000e+00   9.9913095e-01
   7.6767677e-03   1.0000000e+00   9.9944060e-01
   7.7575758e-03   1.0000000e+00   9.9982661e-01
   7.8383838e-03   1.0000000e+00   1.0001932e+00
   7.9191919e-03   1.0000000e+00   1.0004599e+00
   8.0000000e-03   1.0000000e+00   1.0005803e+00
