   0.0000000e+00   0.0000000e+00   0.0000000e+00
   3.6396724e-07   0.0000000e+00   0.0000000e+00
   7.2793449e-07   0.0000000e+00   0.0000000e+00
   1.0919017e-06   0.0000000e+00   0.0000000e+00
   1.4558690e-06   0.0000000e+00   0.0000000e+00
   1.8198362e-06   0.0000000e+00   0.0000000e+00
   2.1838035e-06   0.0000000e+00   0.0000000e+00
   2.5477707e-06   0.0000000e+00   0.0000000e+00
   2.9117379e-06   0.0000000e+00   0.0000000e+00
   3.2757052e-06   0.0000000e+00   0.0000000e+00
   3.6396724e-06   0.0000000e+00   0.0000000e+00
   4.0036397e-06   0.0000000e+00   0.0000000e+00
   4.3676069e-06   0.0000000e+00   0.0000000e+00
   4.7315742e-06   0.0000000e+00   0.0000000e+00
   5.0955414e-06   0.0000000e+00   0.0000000e+00
   5.4595086e-06   0.0000000e+00   0.0000000e+00
   5.8234759e-06   0.0000000e+00   0.0000000e+00
   6.1874431e-06   0.0000000e+00   0.0000000e+00
   6.5514104e-06   0.0000000e+00   0.0000000e+00
   6.9153776e-06   0.0000000e+00   0.0000000e+00
   7.2793449e-06   0.0000000e+00   0.0000000e+00
   7.6433121e-06   0.0000000e+00   0.0000000e+00
   8.0072793e-06   0.0000000e+00   0.0000000e+00
   8.3712466e-06   0.0000000e+00   0.0000000e+00
   8.7352138e-06   0.0000000e+00   0.0000000e+00
   9.0991811e-06   0.0000000e+00   0.0000000e+00
   9.4631483e-06   0.0000000e+00   0.0000000e+00
   9.8271156e-06   0.0000000e+00   0.0000000e+00
   1.0191083e-05   0.0000000e+00   0.0000000e+00
   1.0555050e-05   0.0000000e+00   0.0000000e+00
   1.0919017e-05   0.0000000e+00   0.0000000e+00
   1.1282985e-05   0.0000000e+00   0.0000000e+00
   1.1646952e-05   0.0000000e+00   0.0000000e+00
   1.2010919e-05   0.0000000e+00   0.0000000e+00
   1.2374886e-05   0.0000000e+00   0.0000000e+00
   1.2738854e-05   0.0000000e+00   0.0000000e+00
   1.3102821e-05   0.0000000e+00   0.0000000e+00
   1.3466788e-05   0.0000000e+00   0.0000000e+00
   1.3830755e-05   0.0000000e+00   0.0000000e+00
   1.4194722e-05   0.0000000e+00   0.0000000e+00
   1.4558690e-05   0.0000000e+00   0.0000000e+00
   1.4922657e-05   0.0000000e+00   0.0000000e+00
   1.5286624e-05   0.0000000e+00   0.0000000e+00
   1.5650591e-05   0.0000000e+00   0.0000000e+00
   1.6014559e-05   0.0000000e+00   0.0000000e+00
   1.6378526e-05   0.0000000e+00   0.0000000e+00
   1.6742493e-05   0.0000000e+00   0.0000000e+00
   1.7106460e-05   0.0000000e+00   0.0000000e+00
   1.7470428e-05   0.0000000e+00   0.0000000e+00
   1.7834395e-05   0.0000000e+00   0.0000000e+00
   1.8198362e-05   0.0000000e+00   0.0000000e+00
   1.8562329e-05   0.0000000e+00   0.0000000e+00
   1.8926297e-05   0.0000000e+00   0.0000000e+00
   1.9290264e-05   0.0000000e+00   0.0000000e+00
   1.9654231e-05   0.0000000e+00   0.0000000e+00
   2.0018198e-05   0.0000000e+00   0.0000000e+00
   2.0382166e-05   0.0000000e+00   0.0000000e+00
   2.0746133e-05   0.0000000e+00   0.0000000e+00
   2.1110100e-05   0.0000000e+00   0.0000000e+00
   2.1474067e-05   0.0000000e+00   0.0000000e+00
   2.1838035e-05   0.0000000e+00   0.0000000e+00
   2.2202002e-05   0.0000000e+00   0.0000000e+00
   2.2565969e-05   0.0000000e+00   0.0000000e+00
   2.2929936e-05   0.0000000e+00   0.0000000e+00
   2.3293904e-05   0.0000000e+00   0.0000000e+00
   2.3657871e-05   0.0000000e+00   0.0000000e+00
   2.4021838e-05   0.0000000e+00   0.0000000e+00
   2.4385805e-05   0.0000000e+00   0.0000000e+00
   2.4749773e-05   0.0000000e+00   0.0000000e+00
   2.5113740e-05   0.0000000e+00   0.0000000e+00
   2.5477707e-05   0.0000000e+00   0.0000000e+00
   2.5841674e-05   0.0000000e+00   0.0000000e+00
   2.6205641e-05   0.0000000e+00   0.0000000e+00
   2.6569609e-05   0.0000000e+00   0.0000000e+00
   2.6933576e-05   0.0000000e+00   0.0000000e+00
   2.7297543e-05   0.0000000e+00   0.0000000e+00
   2.7661510e-05   0.0000000e+00   0.0000000e+00
   2.8025478e-05   0.0000000e+00   0.0000000e+00
   2.8389445e-05   0.0000000e+00   0.0000000e+00
   2.8753412e-05   0.0000000e+00   0.0000000e+00
   2.9117379e-05   0.0000000e+00   0.0000000e+00
   2.9481347e-05   0.0000000e+00   0.0000000e+00
   2.9845314e-05   0.0000000e+00   0.0000000e+00
   3.0209281e-05   0.0000000e+00   0.0000000e+00
   3.0573248e-05   0.0000000e+00   0.0000000e+00
   3.0937216e-05   0.0000000e+00   0.0000000e+00
   3.1301183e-05   0.0000000e+00   0.0000000e+00
   3.1665150e-05   0.0000000e+00   0.0000000e+00
   3.2029117e-05   0.0000000e+00   0.0000000e+00
   3.2393085e-05   0.0000000e+00   0.0000000e+00
   3.2757052e-05   0.0000000e+00   0.0000000e+00
   3.3121019e-05   0.0000000e+00   0.0000000e+00
   3.3484986e-05   0.0000000e+00   0.0000000e+00
   3.3848954e-05   0.0000000e+00   0.0000000e+00
   3.4212921e-05   0.0000000e+00   0.0000000e+00
   3.4576888e-05   0.0000000e+00   0.0000000e+00
   3.4940855e-05   0.0000000e+00   0.0000000e+00
   3.5304823e-05   0.0000000e+00   0.0000000e+00
   3.5668790e-05   0.0000000e+00   0.0000000e+00
   3.6032757e-05   0.0000000e+00   0.0000000e+00
   3.6396724e-05   1.0000000e+00   0.0000000e+00
   3.6760692e-05   1.0000000e+00   1.5771828e-12
   3.7124659e-05   1.0000000e+00   5.8078527e-07
   3.7488626e-05   1.0000000e+00   4.4950309e-05
   3.7852593e-05   1.0000000e+00   4.0968408e-04
   3.8216561e-05   1.0000000e+00   1.5739260e-03
   3.8580528e-05   1.0000000e+00   3.9103138e-03
   3.8944495e-05   1.0000000e+00   7.5563537e-03
   3.9308462e-05   1.0000000e+00   1.2463231e-02
   3.9672429e-05   1.0000000e+00   1.8480687e-02
   4.0036397e-05   1.0000000e+00   2.5420654e-02
   4.0400364e-05   1.0000000e+00   3.3094012e-02
   4.0764331e-05   1.0000000e+00   4.1328361e-02
   4.1128298e-05   1.0000000e+00   4.9974694e-02
   4.1492266e-05   1.0000000e+00   5.8908283e-02
   4.1856233e-05   1.0000000e+00   6.8026875e-02
   4.2220200e-05   1.0000000e+00   7.7247850e-02
   4.2584167e-05   1.0000000e+00   8.6505194e-02
   4.2948135e-05   1.0000000e+00   9.5746656e-02
   4.3312102e-05   1.0000000e+00   1.0493126e-01
   4.3676069e-05   1.0000000e+00   1.1402718e-01
   4.4040036e-05   1.0000000e+00   1.2300999e-01
   4.4404004e-05   1.0000000e+00   1.3186122e-01
   4.4767971e-05   1.0000000e+00   1.4056719e-01
   4.5131938e-05   1.0000000e+00   1.4911802e-01
   4.5495905e-05   1.0000000e+00   1.5750692e-01
   4.5859873e-05   1.0000000e+00   1.6572952e-01
   4.6223840e-05   1.0000000e+00   1.7378339e-01
   4.6587807e-05   1.0000000e+00   1.8166766e-01
   4.6951774e-05   1.0000000e+00   1.8938263e-01
   4.7315742e-05   1.0000000e+00   1.9692958e-01
   4.7679709e-05   1.0000000e+00   2.0431052e-01
   4.8043676e-05   1.0000000e+00   2.1152801e-01
   4.8407643e-05   1.0000000e+00   2.1858505e-01
   4.8771611e-05   1.0000000e+00   2.2548496e-01
   4.9135578e-05   1.0000000e+00   2.3223129e-01
   4.9499545e-05   1.0000000e+00   2.3882774e-01
   4.9863512e-05   1.0000000e+00   2.4527812e-01
   5.0227480e-05   1.0000000e+00   2.5158627e-01
   5.0591447e-05   1.0000000e+00   2.5775606e-01
   5.0955414e-05   1.0000000e+00   2.6379135e-01
   5.1319381e-05   1.0000000e+00   2.6969597e-01
   5.1683348e-05   1.0000000e+00   2.7547368e-01
   5.2047316e-05   1.0000000e+00   2.8112818e-01
   5.2411283e-05   1.0000000e+00   2.8666309e-01
   5.2775250e-05   1.0000000e+00   2.9208195e-01
   5.3139217e-05   1.0000000e+00   2.9738820e-01
   5.3503185e-05   1.0000000e+00   3.0258518e-01
   5.3867152e-05   1.0000000e+00   3.0767616e-01
   5.4231119e-05   1.0000000e+00   3.1266428e-01
   5.4595086e-05   1.0000000e+00   3.1755260e-01
   5.4959054e-05   1.0000000e+00   3.2234408e-01
   5.5323021e-05   1.0000000e+00   3.2704157e-01
   5.5686988e-05   1.0000000e+00   3.3164783e-01
   5.6050955e-05   1.0000000e+00   3.3616555e-01
   5.6414923e-05   1.0000000e+00   3.4059730e-01
   5.6778890e-05   1.0000000e+00   3.4494556e-01
   5.7142857e-05   1.0000000e+00   3.4921274e-01
   5.7506824e-05   1.0000000e+00   3.5340117e-01
   5.7870792e-05   1.0000000e+00   3.5751308e-01
   5.8234759e-05   1.0000000e+00   3.6155062e-01
   5.8598726e-05   1.0000000e+00   3.6551589e-01
   5.8962693e-05   1.0000000e+00   3.6941090e-01
   5.9326661e-05   1.0000000e+00   3.7323758e-01
   5.9690628e-05   1.0000000e+00   3.7699782e-01
   6.0054595e-05   1.0000000e+00   3.8069341e-01
   6.0418562e-05   1.0000000e+00   3.8432610e-01
   6.0782530e-05   1.0000000e+00   3.8789758e-01
   6.1146497e-05   1.0000000e+00   3.9140948e-01
   6.1510464e-05   1.0000000e+00   3.9486335e-01
   6.1874431e-05   1.0000000e+00   3.9826073e-01
   6.2238399e-05   1.0000000e+00   4.0160307e-01
   6.2602366e-05   1.0000000e+00   4.0489179e-01
   6.2966333e-05   1.0000000e+00   4.0812826e-01
   6.3330300e-05   1.0000000e+00   4.1131379e-01
   6.3694268e-05   1.0000000e+00   4.1444967e-01
   6.4058235e-05   1.0000000e+00   4.1753714e-01
   6.4422202e-05   1.0000000e+00   4.2057738e-01
   6.4786169e-05   1.0000000e+00   4.2357156e-01
   6.5150136e-05   1.0000000e+00   4.2652078e-01
   6.5514104e-05   1.0000000e+00   4.2942614e-01
   6.5878071e-05   1.0000000e+00   4.3228868e-01
   6.6242038e-05   1.0000000e+00   4.3510941e-01
   6.6606005e-05   1.0000000e+00   4.3788932e-01
   6.6969973e-05   1.0000000e+00   4.4062935e-01
   6.7333940e-05   1.0000000e+00   4.4333043e-01
   6.7697907e-05   1.0000000e+00   4.4599345e-01
   6.8061874e-05   1.0000000e+00   4.4861928e-01
   6.8425842e-05   1.0000000e+00   4.5120875e-01
   6.8789809e-05   1.0000000e+00   4.5376269e-01
   6.9153776e-05   1.0000000e+00   4.5628186e-01
   6.9517743e-05   1.0000000e+00   4.5876705e-01
   6.9881711e-05   1.0000000e+00   4.6121900e-01
   7.0245678e-05   1.0000000e+00   4.6363841e-01
   7.0609645e-05   1.0000000e+00   4.6602601e-01
   7.0973612e-05   1.0000000e+00   4.6838245e-01
   7.1337580e-05   1.0000000e+00   4.7070841e-01
   7.1701547e-05   1.0000000e+00   4.7300452e-01
   7.2065514e-05   1.0000000e+00   4.7527140e-01
   7.2429481e-05   1.0000000e+00   4.7750967e-01
   7.2793449e-05   1.0000000e+00   4.7971990e-01
   7.3157416e-05   1.0000000e+00   4.8190267e-01
   7.3521383e-05   1.0000000e+00   4.8405853e-01
   7.3885350e-05   1.0000000e+00   4.8618803e-01
   7.4249318e-05   1.0000000e+00   4.8829168e-01
   7.4613285e-05   1.0000000e+00   4.9037001e-01
   7.4977252e-05   1.0000000e+00   4.9242350e-01
   7.5341219e-05   1.0000000e+00   4.9445264e-01
   7.5705187e-05   1.0000000e+00   4.9645791e-01
   7.6069154e-05   1.0000000e+00   4.9843975e-01
   7.6433121e-05   1.0000000e+00   5.0039862e-01
   7.6797088e-05   1.0000000e+00   5.0233495e-01
   7.7161056e-05   1.0000000e+00   5.0424917e-01
   7.7525023e-05   1.0000000e+00   5.0614169e-01
   7.7888990e-05   1.0000000e+00   5.0801290e-01
   7.8252957e-05   1.0000000e+00   5.0986321e-01
   7.8616924e-05   1.0000000e+00   5.1169299e-01
   7.8980892e-05   1.0000000e+00   5.1350262e-01
   7.9344859e-05   1.0000000e+00   5.1529246e-01
   7.9708826e-05   1.0000000e+00   5.1706286e-01
   8.0072793e-05   1.0000000e+00   5.1881418e-01
   8.0436761e-05   1.0000000e+00   5.2054674e-01
   8.0800728e-05   1.0000000e+00   5.2226087e-01
   8.1164695e-05   1.0000000e+00   5.2395690e-01
   8.1528662e-05   1.0000000e+00   5.2563515e-01
   8.1892630e-05   1.0000000e+00   5.2729591e-01
   8.2256597e-05   1.0000000e+00   5.2893948e-01
   8.2620564e-05   1.0000000e+00   5.3056616e-01
   8.2984531e-05   1.0000000e+00   5.3217623e-01
   8.3348499e-05   1.0000000e+00   5.3376997e-01
   8.3712466e-05   1.0000000e+00   5.3534765e-01
   8.4076433e-05   1.0000000e+00   5.3690954e-01
   8.4440400e-05   1.0000000e+00   5.3845590e-01
   8.4804368e-05   1.0000000e+00   5.3998697e-01
   8.5168335e-05   1.0000000e+00   5.4150301e-01
   8.5532302e-05   1.0000000e+00   5.4300427e-01
   8.5896269e-05   1.0000000e+00   5.4449097e-01
   8.6260237e-05   1.0000000e+00   5.4596335e-01
   8.6624204e-05   1.0000000e+00   5.4742164e-01
   8.6988171e-05   1.0000000e+00   5.4886605e-01
   8.7352138e-05   1.0000000e+00   5.5029681e-01
   8.7716106e-05   1.0000000e+00   5.5171413e-01
   8.8080073e-05   1.0000000e+00   5.5311821e-01
   8.8444040e-05   1.0000000e+00   5.5450925e-01
   8.8808007e-05   1.0000000e+00   5.5588747e-01
   8.9171975e-05   1.0000000e+00   5.5725305e-01
   8.9535942e-05   1.0000000e+00   5.5860618e-01
   8.9899909e-05   1.0000000e+00   5.5994705e-01
   9.0263876e-05   1.0000000e+00   5.6127584e-01
   9.0627843e-05   1.0000000e+00   5.6259273e-01
   9.0991811e-05   1.0000000e+00   5.6389790e-01
   9.1355778e-05   1.0000000e+00   5.6519151e-01
   9.1719745e-05   1.0000000e+00   5.6647375e-01
   9.2083712e-05   1.0000000e+00   5.6774476e-01
   9.2447680e-05   1.0000000e+00   5.6900472e-01
   9.2811647e-05   1.0000000e+00   5.7025378e-01
   9.3175614e-05   1.0000000e+00   5.7149210e-01
   9.3539581e-05   1.0000000e+00   5.7271982e-01
   9.3903549e-05   1.0000000e+00   5.7393711e-01
   9.4267516e-05   1.0000000e+00   5.7514410e-01
   9.4631483e-05   1.0000000e+00   5.7634094e-01
   9.4995450e-05   1.0000000e+00   5.7752777e-01
   9.5359418e-05   1.0000000e+00   5.7870472e-01
   9.5723385e-05   1.0000000e+00   5.7987194e-01
   9.6087352e-05   1.0000000e+00   5.8102956e-01
   9.6451319e-05   1.0000000e+00   5.8217770e-01
   9.6815287e-05   1.0000000e+00   5.8331649e-01
   9.7179254e-05   1.0000000e+00   5.8444606e-01
   9.7543221e-05   1.0000000e+00   5.8556654e-01
   9.7907188e-05   1.0000000e+00   5.8667804e-01
   9.8271156e-05   1.0000000e+00   5.8778068e-01
   9.8635123e-05   1.0000000e+00   5.8887458e-01
   9.8999090e-05   1.0000000e+00   5.8995985e-01
   9.9363057e-05   1.0000000e+00   5.9103661e-01
   9.9727025e-05   1.0000000e+00   5.9210496e-01
   1.0009099e-04   1.0000000e+00   5.9316501e-01
   1.0045496e-04   1.0000000e+00   5.9421688e-01
   1.0081893e-04   1.0000000e+00   5.9526066e-01
   1.0118289e-04   1.0000000e+00   5.9629646e-01
   1.0154686e-04   1.0000000e+00   5.9732437e-01
   1.0191083e-04   1.0000000e+00   5.9834451e-01
   1.0227480e-04   1.0000000e+00   5.9935695e-01
   1.0263876e-04   1.0000000e+00   6.0036181e-01
   1.0300273e-04   1.0000000e+00   6.0135917e-01
   1.0336670e-04   1.0000000e+00   6.0234913e-01
   1.0373066e-04   1.0000000e+00   6.0333177e-01
   1.0409463e-04   1.0000000e+00   6.0430719e-01
   1.0445860e-04   1.0000000e+00   6.0527548e-01
   1.0482257e-04   1.0000000e+00   6.0623671e-01
   1.0518653e-04   1.0000000e+00   6.0719098e-01
   1.0555050e-04   1.0000000e+00   6.0813837e-01
   1.0591447e-04   1.0000000e+00   6.0907896e-01
   1.0627843e-04   1.0000000e+00   6.1001283e-01
   1.0664240e-04   1.0000000e+00   6.1094006e-01
   1.0700637e-04   1.0000000e+00   6.1186073e-01
   1.0737034e-04   1.0000000e+00   6.1277491e-01
   1.0773430e-04   1.0000000e+00   6.1368269e-01
   1.0809827e-04   1.0000000e+00   6.1458413e-01
   1.0846224e-04   1.0000000e+00   6.1547931e-01
   1.0882621e-04   1.0000000e+00   6.1636830e-01
   1.0919017e-04   1.0000000e+00   6.1725117e-01
   1.0955414e-04   1.0000000e+00   6.1812799e-01
   1.0991811e-04   1.0000000e+00   6.1899882e-01
   1.1028207e-04   1.0000000e+00   6.1986375e-01
   1.1064604e-04   1.0000000e+00   6.2072283e-01
   1.1101001e-04   1.0000000e+00   6.2157612e-01
   1.1137398e-04   1.0000000e+00   6.2242370e-01
   1.1173794e-04   1.0000000e+00   6.2326563e-01
   1.1210191e-04   1.0000000e+00   6.2410196e-01
   1.1246588e-04   1.0000000e+00   6.2493277e-01
   1.1282985e-04   1.0000000e+00   6.2575810e-01
   1.1319381e-04   1.0000000e+00   6.2657802e-01
   1.1355778e-04   1.0000000e+00   6.2739260e-01
   1.1392175e-04   1.0000000e+00   6.2820188e-01
   1.1428571e-04   1.0000000e+00   6.2900592e-01
   1.1464968e-04   1.0000000e+00   6.2980478e-01
   1.1501365e-04   1.0000000e+00   6.3059852e-01
   1.1537762e-04   1.0000000e+00   6.3138718e-01
   1.1574158e-04   1.0000000e+00   6.3217083e-01
   1.1610555e-04   1.0000000e+00   6.3294951e-01
   1.1646952e-04   1.0000000e+00   6.3372329e-01
   1.1683348e-04   1.0000000e+00   6.3449220e-01
   1.1719745e-04   1.0000000e+00   6.3525630e-01
   1.1756142e-04   1.0000000e+00   6.3601563e-01
   1.1792539e-04   1.0000000e+00   6.3677026e-01
   1.1828935e-04   1.0000000e+00   6.3752023e-01
   1.1865332e-04   1.0000000e+00   6.3826557e-01
   1.1901729e-04   1.0000000e+00   6.3900635e-01
   1.1938126e-04   1.0000000e+00   6.3974261e-01
   1.1974522e-04   1.0000000e+00   6.4047439e-01
   1.2010919e-04   1.0000000e+00   6.4120174e-01
   1.2047316e-04   1.0000000e+00   6.4192471e-01
   1.2083712e-04   1.0000000e+00   6.4264333e-01
   1.2120109e-04   1.0000000e+00   6.4335765e-01
   1.2156506e-04   1.0000000e+00   6.4406771e-01
   1.2192903e-04   1.0000000e+00   6.4477356e-01
   1.2229299e-04   1.0000000e+00   6.4547523e-01
   1.2265696e-04   1.0000000e+00   6.4617277e-01
   1.2302093e-04   1.0000000e+00   6.4686622e-01
   1.2338490e-04   1.0000000e+00   6.4755561e-01
   1.2374886e-04   1.0000000e+00   6.4824100e-01
   1.2411283e-04   1.0000000e+00   6.4892240e-01
   1.2447680e-04   1.0000000e+00   6.4959987e-01
   1.2484076e-04   1.0000000e+00   6.5027344e-01
   1.2520473e-04   1.0000000e+00   6.5094315e-01
   1.2556870e-04   1.0000000e+00   6.5160904e-01
   1.2593267e-04   1.0000000e+00   6.5227113e-01
   1.2629663e-04   1.0000000e+00   6.5292947e-01
   1.2666060e-04   1.0000000e+00   6.5358410e-01
   1.2702457e-04   1.0000000e+00   6.5423504e-01
   1.2738854e-04   1.0000000e+00   6.5488233e-01
   1.2775250e-04   1.0000000e+00   6.5552601e-01
   1.2811647e-04   1.0000000e+00   6.5616610e-01
   1.2848044e-04   1.0000000e+00   6.5680265e-01
   1.2884440e-04   1.0000000e+00   6.5743568e-01
   1.2920837e-04   1.0000000e+00   6.5806522e-01
   1.2957234e-04   1.0000000e+00   6.5869132e-01
   1.2993631e-04   1.0000000e+00   6.5931399e-01
   1.3030027e-04   1.0000000e+00   6.5993328e-01
   1.3066424e-04   1.0000000e+00   6.6054921e-01
   1.3102821e-04   1.0000000e+00   6.6116180e-01
   1.3139217e-04   1.0000000e+00   6.6177110e-01
   1.3175614e-04   1.0000000e+00   6.6237713e-01
   1.3212011e-04   1.0000000e+00   6.6297992e-01
   1.3248408e-04   1.0000000e+00   6.6357949e-01
   1.3284804e-04   1.0000000e+00   6.6417589e-01
   1.3321201e-04   1.0000000e+00   6.6476912e-01
   1.3357598e-04   1.0000000e+00   6.6535923e-01
   1.3393995e-04   1.0000000e+00   6.6594624e-01
   1.3430391e-04   1.0000000e+00   6.6653018e-01
   1.3466788e-04   1.0000000e+00   6.6711107e-01
   1.3503185e-04   1.0000000e+00   6.6768894e-01
   1.3539581e-04   1.0000000e+00   6.6826381e-01
   1.3575978e-04   1.0000000e+00   6.6883572e-01
   1.3612375e-04   1.0000000e+00   6.6940469e-01
   1.3648772e-04   1.0000000e+00   6.6997073e-01
   1.3685168e-04   1.0000000e+00   6.7053388e-01
   1.3721565e-04   1.0000000e+00   6.7109417e-01
   1.3757962e-04   1.0000000e+00   6.7165161e-01
   1.3794359e-04   1.0000000e+00   6.7220623e-01
   1.3830755e-04   1.0000000e+00   6.7275805e-01
   1.3867152e-04   1.0000000e+00   6.7330710e-01
   1.3903549e-04   1.0000000e+00   6.7385339e-01
   1.3939945e-04   1.0000000e+00   6.7439696e-01
   1.3976342e-04   1.0000000e+00   6.7493783e-01
   1.4012739e-04   1.0000000e+00   6.7547601e-01
   1.4049136e-04   1.0000000e+00   6.7601154e-01
   1.4085532e-04   1.0000000e+00   6.7654442e-01
   1.4121929e-04   1.0000000e+00   6.7707469e-01
   1.4158326e-04   1.0000000e+00   6.7760236e-01
   1.4194722e-04   1.0000000e+00   6.7812746e-01
   1.4231119e-04   1.0000000e+00   6.7865000e-01
   1.4267516e-04   1.0000000e+00   6.7917001e-01
   1.4303913e-04   1.0000000e+00   6.7968751e-01
   1.4340309e-04   1.0000000e+00   6.8020251e-01
   1.4376706e-04   1.0000000e+00   6.8071504e-01
   1.4413103e-04   1.0000000e+00   6.8122512e-01
   1.4449500e-04   1.0000000e+00   6.8173276e-01
   1.4485896e-04   1.0000000e+00   6.8223799e-01
   1.4522293e-04   1.0000000e+00   6.8274083e-01
   1.4558690e-04   1.0000000e+00   6.8324129e-01
   1.4595086e-04   1.0000000e+00   6.8373939e-01
   1.4631483e-04   1.0000000e+00   6.8423515e-01
   1.4667880e-04   1.0000000e+00   6.8472859e-01
   1.4704277e-04   1.0000000e+00   6.8521973e-01
   1.4740673e-04   1.0000000e+00   6.8570858e-01
   1.4777070e-04   1.0000000e+00   6.8619516e-01
   1.4813467e-04   1.0000000e+00   6.8667949e-01
   1.4849864e-04   1.0000000e+00   6.8716159e-01
   1.4886260e-04   1.0000000e+00   6.8764148e-01
   1.4922657e-04   1.0000000e+00   6.8811916e-01
   1.4959054e-04   1.0000000e+00   6.8859467e-01
   1.4995450e-04   1.0000000e+00   6.8906801e-01
   1.5031847e-04   1.0000000e+00   6.8953919e-01
   1.5068244e-04   1.0000000e+00   6.9000825e-01
   1.5104641e-04   1.0000000e+00   6.9047519e-01
   1.5141037e-04   1.0000000e+00   6.9094002e-01
   1.5177434e-04   1.0000000e+00   6.9140278e-01
   1.5213831e-04   1.0000000e+00   6.9186346e-01
   1.5250227e-04   1.0000000e+00   6.9232208e-01
   1.5286624e-04   1.0000000e+00   6.9277867e-01
   1.5323021e-04   1.0000000e+00   6.9323323e-01
   1.5359418e-04   1.0000000e+00   6.9368579e-01
   1.5395814e-04   1.0000000e+00   6.9413635e-01
   1.5432211e-04   1.0000000e+00   6.9458492e-01
   1.5468608e-04   1.0000000e+00   6.9503154e-01
   1.5505005e-04   1.0000000e+00   6.9547620e-01
   1.5541401e-04   1.0000000e+00   6.9591892e-01
   1.5577798e-04   1.0000000e+00   6.9635972e-01
   1.5614195e-04   1.0000000e+00   6.9679861e-01
   1.5650591e-04   1.0000000e+00   6.9723561e-01
   1.5686988e-04   1.0000000e+00   6.9767072e-01
   1.5723385e-04   1.0000000e+00   6.9810397e-01
   1.5759782e-04   1.0000000e+00   6.9853536e-01
   1.5796178e-04   1.0000000e+00   6.9896491e-01
   1.5832575e-04   1.0000000e+00   6.9939262e-01
   1.5868972e-04   1.0000000e+00   6.9981853e-01
   1.5905369e-04   1.0000000e+00   7.0024263e-01
   1.5941765e-04   1.0000000e+00   7.0066493e-01
   1.5978162e-04   1.0000000e+00   7.0108547e-01
   1.6014559e-04   1.0000000e+00   7.0150423e-01
   1.6050955e-04   1.0000000e+00   7.0192124e-01
   1.6087352e-04   1.0000000e+00   7.0233651e-01
   1.6123749e-04   1.0000000e+00   7.0275005e-01
   1.6160146e-04   1.0000000e+00   7.0316188e-01
   1.6196542e-04   1.0000000e+00   7.0357200e-01
   1.6232939e-04   1.0000000e+00   7.0398042e-01
   1.6269336e-04   1.0000000e+00   7.0438716e-01
   1.6305732e-04   1.0000000e+00   7.0479224e-01
   1.6342129e-04   1.0000000e+00   7.0519565e-01
   1.6378526e-04   1.0000000e+00   7.0559742e-01
   1.6414923e-04   1.0000000e+00   7.0599755e-01
   1.6451319e-04   1.0000000e+00   7.0639605e-01
   1.6487716e-04   1.0000000e+00   7.0679294e-01
   1.6524113e-04   1.0000000e+00   7.0718823e-01
   1.6560510e-04   1.0000000e+00   7.0758192e-01
   1.6596906e-04   1.0000000e+00   7.0797403e-01
   1.6633303e-04   1.0000000e+00   7.0836457e-01
   1.6669700e-04   1.0000000e+00   7.0875354e-01
   1.6706096e-04   1.0000000e+00   7.0914097e-01
   1.6742493e-04   1.0000000e+00   7.0952686e-01
   1.6778890e-04   1.0000000e+00   7.0991121e-01
   1.6815287e-04   1.0000000e+00   7.1029405e-01
   1.6851683e-04   1.0000000e+00   7.1067537e-01
   1.6888080e-04   1.0000000e+00   7.1105520e-01
   1.6924477e-04   1.0000000e+00   7.1143353e-01
   1.6960874e-04   1.0000000e+00   7.1181038e-01
   1.6997270e-04   1.0000000e+00   7.1218576e-01
   1.7033667e-04   1.0000000e+00   7.1255968e-01
   1.7070064e-04   1.0000000e+00   7.1293215e-01
   1.7106460e-04   1.0000000e+00   7.1330317e-01
   1.7142857e-04   1.0000000e+00   7.1367276e-01
   1.7179254e-04   1.0000000e+00   7.1404093e-01
   1.7215651e-04   1.0000000e+00   7.1440768e-01
   1.7252047e-04   1.0000000e+00   7.1477302e-01
   1.7288444e-04   1.0000000e+00   7.1513697e-01
   1.7324841e-04   1.0000000e+00   7.1549953e-01
   1.7361237e-04   1.0000000e+00   7.1586071e-01
   1.7397634e-04   1.0000000e+00   7.1622052e-01
   1.7434031e-04   1.0000000e+00   7.1657896e-01
   1.7470428e-04   1.0000000e+00   7.1693605e-01
   1.7506824e-04   1.0000000e+00   7.1729180e-01
   1.7543221e-04   1.0000000e+00   7.1764621e-01
   1.7579618e-04   1.0000000e+00   7.1799929e-01
   1.7616015e-04   1.0000000e+00   7.1835105e-01
   1.7652411e-04   1.0000000e+00   7.1870150e-01
   1.7688808e-04   1.0000000e+00   7.1905064e-01
   1.7725205e-04   1.0000000e+00   7.1939849e-01
   1.7761601e-04   1.0000000e+00   7.1974505e-01
   1.7797998e-04   1.0000000e+00   7.2009033e-01
   1.7834395e-04   1.0000000e+00   7.2043434e-01
   1.7870792e-04   1.0000000e+00   7.2077709e-01
   1.7907188e-04   1.0000000e+00   7.2111858e-01
   1.7943585e-04   1.0000000e+00   7.2145882e-01
   1.7979982e-04   1.0000000e+00   7.2179781e-01
   1.8016379e-04   1.0000000e+00   7.2213558e-01
   1.8052775e-04   1.0000000e+00   7.2247211e-01
   1.8089172e-04   1.0000000e+00   7.2280743e-01
   1.8125569e-04   1.0000000e+00   7.2314154e-01
   1.8161965e-04   1.0000000e+00   7.2347444e-01
   1.8198362e-04   1.0000000e+00   7.2380615e-01
   1.8234759e-04   1.0000000e+00   7.2413666e-01
   1.8271156e-04   1.0000000e+00   7.2446600e-01
   1.8307552e-04   1.0000000e+00   7.2479415e-01
   1.8343949e-04   1.0000000e+00   7.2512114e-01
   1.8380346e-04   1.0000000e+00   7.2544697e-01
   1.8416742e-04   1.0000000e+00   7.2577164e-01
   1.8453139e-04   1.0000000e+00   7.2609516e-01
   1.8489536e-04   1.0000000e+00   7.2641754e-01
   1.8525933e-04   1.0000000e+00   7.2673879e-01
   1.8562329e-04   1.0000000e+00   7.2705891e-01
   1.8598726e-04   1.0000000e+00   7.2737790e-01
   1.8635123e-04   1.0000000e+00   7.2769578e-01
   1.8671520e-04   1.0000000e+00   7.2801256e-01
   1.8707916e-04   1.0000000e+00   7.2832823e-01
   1.8744313e-04   1.0000000e+00   7.2864280e-01
   1.8780710e-04   1.0000000e+00   7.2895629e-01
   1.8817106e-04   1.0000000e+00   7.2926869e-01
   1.8853503e-04   1.0000000e+00   7.2958001e-01
   1.8889900e-04   1.0000000e+00   7.2989027e-01
   1.8926297e-04   1.0000000e+00   7.3019946e-01
   1.8962693e-04   1.0000000e+00   7.3050759e-01
   1.8999090e-04   1.0000000e+00   7.3081467e-01
   1.9035487e-04   1.0000000e+00   7.3112070e-01
   1.9071884e-04   1.0000000e+00   7.3142569e-01
   1.9108280e-04   1.0000000e+00   7.3172964e-01
   1.9144677e-04   1.0000000e+00   7.3203257e-01
   1.9181074e-04   1.0000000e+00   7.3233447e-01
   1.9217470e-04   1.0000000e+00   7.3263536e-01
   1.9253867e-04   1.0000000e+00   7.3293523e-01
   1.9290264e-04   1.0000000e+00   7.3323410e-01
   1.9326661e-04   1.0000000e+00   7.3353197e-01
   1.9363057e-04   1.0000000e+00   7.3382884e-01
   1.9399454e-04   1.0000000e+00   7.3412473e-01
   1.9435851e-04   1.0000000e+00   7.3441963e-01
   1.9472247e-04   1.0000000e+00   7.3471355e-01
   1.9508644e-04   1.0000000e+00   7.3500649e-01
   1.9545041e-04   1.0000000e+00   7.3529847e-01
   1.9581438e-04   1.0000000e+00   7.3558949e-01
   1.9617834e-04   1.0000000e+00   7.3587955e-01
   1.9654231e-04   1.0000000e+00   7.3616866e-01
   1.9690628e-04   1.0000000e+00   7.3645682e-01
   1.9727025e-04   1.0000000e+00   7.3674404e-01
   1.9763421e-04   1.0000000e+00   7.3703033e-01
   1.9799818e-04   1.0000000e+00   7.3731568e-01
   1.9836215e-04   1.0000000e+00   7.3760010e-01
   1.9872611e-04   1.0000000e+00   7.3788361e-01
   1.9909008e-04   1.0000000e+00   7.3816620e-01
   1.9945405e-04   1.0000000e+00   7.3844787e-01
   1.9981802e-04   1.0000000e+00   7.3872864e-01
   2.0018198e-04   1.0000000e+00   7.3900851e-01
   2.0054595e-04   1.0000000e+00   7.3928748e-01
   2.0090992e-04   1.0000000e+00   7.3956556e-01
   2.0127389e-04   1.0000000e+00   7.3984275e-01
   2.0163785e-04   1.0000000e+00   7.4011906e-01
   2.0200182e-04   1.0000000e+00   7.4039449e-01
   2.0236579e-04   1.0000000e+00   7.4066905e-01
   2.0272975e-04   1.0000000e+00   7.4094274e-01
   2.0309372e-04   1.0000000e+00   7.4121556e-01
   2.0345769e-04   1.0000000e+00   7.4148753e-01
   2.0382166e-04   1.0000000e+00   7.4175864e-01
   2.0418562e-04   1.0000000e+00   7.4202889e-01
   2.0454959e-04   1.0000000e+00   7.4229831e-01
   2.0491356e-04   1.0000000e+00   7.4256688e-01
   2.0527753e-04   1.0000000e+00   7.4283461e-01
   2.0564149e-04   1.0000000e+00   7.4310151e-01
   2.0600546e-04   1.0000000e+00   7.4336758e-01
   2.0636943e-04   1.0000000e+00   7.4363283e-01
   2.0673339e-04   1.0000000e+00   7.4389726e-01
   2.0709736e-04   1.0000000e+00   7.4416087e-01
   2.0746133e-04   1.0000000e+00   7.4442366e-01
   2.0782530e-04   1.0000000e+00   7.4468565e-01
   2.0818926e-04   1.0000000e+00   7.4494684e-01
   2.0855323e-04   1.0000000e+00   7.4520723e-01
   2.0891720e-04   1.0000000e+00   7.4546682e-01
   2.0928116e-04   1.0000000e+00   7.4572562e-01
   2.0964513e-04   1.0000000e+00   7.4598363e-01
   2.1000910e-04   1.0000000e+00   7.4624086e-01
   2.1037307e-04   1.0000000e+00   7.4649731e-01
   2.1073703e-04   1.0000000e+00   7.4675299e-01
   2.1110100e-04   1.0000000e+00   7.4700789e-01
   2.1146497e-04   1.0000000e+00   7.4726203e-01
   2.1182894e-04   1.0000000e+00   7.4751540e-01
   2.1219290e-04   1.0000000e+00   7.4776801e-01
   2.1255687e-04   1.0000000e+00   7.4801986e-01
   2.1292084e-04   1.0000000e+00   7.4827096e-01
   2.1328480e-04   1.0000000e+00   7.4852132e-01
   2.1364877e-04   1.0000000e+00   7.4877093e-01
   2.1401274e-04   1.0000000e+00   7.4901979e-01
   2.1437671e-04   1.0000000e+00   7.4926792e-01
   2.1474067e-04   1.0000000e+00   7.4951532e-01
   2.1510464e-04   1.0000000e+00   7.4976198e-01
   2.1546861e-04   1.0000000e+00   7.5000792e-01
   2.1583258e-04   1.0000000e+00   7.5025313e-01
   2.1619654e-04   1.0000000e+00   7.5049763e-01
   2.1656051e-04   1.0000000e+00   7.5074140e-01
   2.1692448e-04   1.0000000e+00   7.5098447e-01
   2.1728844e-04   1.0000000e+00   7.5122683e-01
   2.1765241e-04   1.0000000e+00   7.5146848e-01
   2.1801638e-04   1.0000000e+00   7.5170942e-01
   2.1838035e-04   1.0000000e+00   7.5194967e-01
   2.1874431e-04   1.0000000e+00   7.5218922e-01
   2.1910828e-04   1.0000000e+00   7.5242808e-01
   2.1947225e-04   1.0000000e+00   7.5266625e-01
   2.1983621e-04   1.0000000e+00   7.5290374e-01
   2.2020018e-04   1.0000000e+00   7.5314054e-01
   2.2056415e-04   1.0000000e+00   7.5337667e-01
   2.2092812e-04   1.0000000e+00   7.5361211e-01
   2.2129208e-04   1.0000000e+00   7.5384689e-01
   2.2165605e-04   1.0000000e+00   7.5408099e-01
   2.2202002e-04   1.0000000e+00   7.5431443e-01
   2.2238399e-04   1.0000000e+00   7.5454721e-01
   2.2274795e-04   1.0000000e+00   7.5477932e-01
   2.2311192e-04   1.0000000e+00   7.5501078e-01
   2.2347589e-04   1.0000000e+00   7.5524159e-01
   2.2383985e-04   1.0000000e+00   7.5547174e-01
   2.2420382e-04   1.0000000e+00   7.5570125e-01
   2.2456779e-04   1.0000000e+00   7.5593011e-01
   2.2493176e-04   1.0000000e+00   7.5615833e-01
   2.2529572e-04   1.0000000e+00   7.5638591e-01
   2.2565969e-04   1.0000000e+00   7.5661285e-01
   2.2602366e-04   1.0000000e+00   7.5683917e-01
   2.2638763e-04   1.0000000e+00   7.5706485e-01
   2.2675159e-04   1.0000000e+00   7.5728991e-01
   2.2711556e-04   1.0000000e+00   7.5751434e-01
   2.2747953e-04   1.0000000e+00   7.5773815e-01
   2.2784349e-04   1.0000000e+00   7.5796134e-01
   2.2820746e-04   1.0000000e+00   7.5818392e-01
   2.2857143e-04   1.0000000e+00   7.5840588e-01
   2.2893540e-04   1.0000000e+00   7.5862723e-01
   2.2929936e-04   1.0000000e+00   7.5884798e-01
   2.2966333e-04   1.0000000e+00   7.5906812e-01
   2.3002730e-04   1.0000000e+00   7.5928766e-01
   2.3039126e-04   1.0000000e+00   7.5950661e-01
   2.3075523e-04   1.0000000e+00   7.5972495e-01
   2.3111920e-04   1.0000000e+00   7.5994270e-01
   2.3148317e-04   1.0000000e+00   7.6015987e-01
   2.3184713e-04   1.0000000e+00   7.6037644e-01
   2.3221110e-04   1.0000000e+00   7.6059243e-01
   2.3257507e-04   1.0000000e+00   7.6080784e-01
   2.3293904e-04   1.0000000e+00   7.6102266e-01
   2.3330300e-04   1.0000000e+00   7.6123691e-01
   2.3366697e-04   1.0000000e+00   7.6145058e-01
   2.3403094e-04   1.0000000e+00   7.6166368e-01
   2.3439490e-04   1.0000000e+00   7.6187621e-01
   2.3475887e-04   1.0000000e+00   7.6208818e-01
   2.3512284e-04   1.0000000e+00   7.6229958e-01
   2.3548681e-04   1.0000000e+00   7.6251041e-01
   2.3585077e-04   1.0000000e+00   7.6272069e-01
   2.3621474e-04   1.0000000e+00   7.6293041e-01
   2.3657871e-04   1.0000000e+00   7.6313957e-01
   2.3694268e-04   1.0000000e+00   7.6334818e-01
   2.3730664e-04   1.0000000e+00   7.6355625e-01
   2.3767061e-04   1.0000000e+00   7.6376376e-01
   2.3803458e-04   1.0000000e+00   7.6397073e-01
   2.3839854e-04   1.0000000e+00   7.6417716e-01
   2.3876251e-04   1.0000000e+00   7.6438304e-01
   2.3912648e-04   1.0000000e+00   7.6458839e-01
   2.3949045e-04   1.0000000e+00   7.6479320e-01
   2.3985441e-04   1.0000000e+00   7.6499748e-01
   2.4021838e-04   1.0000000e+00   7.6520123e-01
   2.4058235e-04   1.0000000e+00   7.6540444e-01
   2.4094631e-04   1.0000000e+00   7.6560714e-01
   2.4131028e-04   1.0000000e+00   7.6580930e-01
   2.4167425e-04   1.0000000e+00   7.6601095e-01
   2.4203822e-04   1.0000000e+00   7.6621208e-01
   2.4240218e-04   1.0000000e+00   7.6641268e-01
   2.4276615e-04   1.0000000e+00   7.6661278e-01
   2.4313012e-04   1.0000000e+00   7.6681236e-01
   2.4349409e-04   1.0000000e+00   7.6701143e-01
   2.4385805e-04   1.0000000e+00   7.6720999e-01
   2.4422202e-04   1.0000000e+00   7.6740804e-01
   2.4458599e-04   1.0000000e+00   7.6760559e-01
   2.4494995e-04   1.0000000e+00   7.6780263e-01
   2.4531392e-04   1.0000000e+00   7.6799918e-01
   2.4567789e-04   1.0000000e+00   7.6819523e-01
   2.4604186e-04   1.0000000e+00   7.6839078e-01
   2.4640582e-04   1.0000000e+00   7.6858584e-01
   2.4676979e-04   1.0000000e+00   7.6878041e-01
   2.4713376e-04   1.0000000e+00   7.6897448e-01
   2.4749773e-04   1.0000000e+00   7.6916807e-01
   2.4786169e-04   1.0000000e+00   7.6936118e-01
   2.4822566e-04   1.0000000e+00   7.6955380e-01
   2.4858963e-04   1.0000000e+00   7.6974593e-01
   2.4895359e-04   1.0000000e+00   7.6993759e-01
   2.4931756e-04   1.0000000e+00   7.7012877e-01
   2.4968153e-04   1.0000000e+00   7.7031948e-01
   2.5004550e-04   1.0000000e+00   7.7050971e-01
   2.5040946e-04   1.0000000e+00   7.7069947e-01
   2.5077343e-04   1.0000000e+00   7.7088876e-01
   2.5113740e-04   1.0000000e+00   7.7107758e-01
   2.5150136e-04   1.0000000e+00   7.7126594e-01
   2.5186533e-04   1.0000000e+00   7.7145383e-01
   2.5222930e-04   1.0000000e+00   7.7164126e-01
   2.5259327e-04   1.0000000e+00   7.7182823e-01
   2.5295723e-04   1.0000000e+00   7.7201474e-01
   2.5332120e-04   1.0000000e+00   7.7220080e-01
   2.5368517e-04   1.0000000e+00   7.7238640e-01
   2.5404914e-04   1.0000000e+00   7.7257154e-01
   2.5441310e-04   1.0000000e+00   7.7275624e-01
   2.5477707e-04   1.0000000e+00   7.7294049e-01
   2.5514104e-04   1.0000000e+00   7.7312429e-01
   2.5550500e-04   1.0000000e+00   7.7330764e-01
   2.5586897e-04   1.0000000e+00   7.7349055e-01
   2.5623294e-04   1.0000000e+00   7.7367302e-01
   2.5659691e-04   1.0000000e+00   7.7385505e-01
   2.5696087e-04   1.0000000e+00   7.7403664e-01
   2.5732484e-04   1.0000000e+00   7.7421780e-01
   2.5768881e-04   1.0000000e+00   7.7439852e-01
   2.5805278e-04   1.0000000e+00   7.7457880e-01
   2.5841674e-04   1.0000000e+00   7.7475866e-01
   2.5878071e-04   1.0000000e+00   7.7493808e-01
   2.5914468e-04   1.0000000e+00   7.7511708e-01
   2.5950864e-04   1.0000000e+00   7.7529565e-01
   2.5987261e-04   1.0000000e+00   7.7547379e-01
   2.6023658e-04   1.0000000e+00   7.7565152e-01
   2.6060055e-04   1.0000000e+00   7.7582882e-01
   2.6096451e-04   1.0000000e+00   7.7600570e-01
   2.6132848e-04   1.0000000e+00   7.7618217e-01
   2.6169245e-04   1.0000000e+00   7.7635822e-01
   2.6205641e-04   1.0000000e+00   7.7653385e-01
   2.6242038e-04   1.0000000e+00   7.7670907e-01
   2.6278435e-04   1.0000000e+00   7.7688388e-01
   2.6314832e-04   1.0000000e+00   7.7705828e-01
   2.6351228e-04   1.0000000e+00   7.7723227e-01
   2.6387625e-04   1.0000000e+00   7.7740585e-01
   2.6424022e-04   1.0000000e+00   7.7757903e-01
   2.6460419e-04   1.0000000e+00   7.7775181e-01
   2.6496815e-04   1.0000000e+00   7.7792418e-01
   2.6533212e-04   1.0000000e+00   7.7809616e-01
   2.6569609e-04   1.0000000e+00   7.7826773e-01
   2.6606005e-04   1.0000000e+00   7.7843891e-01
   2.6642402e-04   1.0000000e+00   7.7860969e-01
   2.6678799e-04   1.0000000e+00   7.7878008e-01
   2.6715196e-04   1.0000000e+00   7.7895007e-01
   2.6751592e-04   1.0000000e+00   7.7911968e-01
   2.6787989e-04   1.0000000e+00   7.7928889e-01
   2.6824386e-04   1.0000000e+00   7.7945772e-01
   2.6860783e-04   1.0000000e+00   7.7962616e-01
   2.6897179e-04   1.0000000e+00   7.7979421e-01
   2.6933576e-04   1.0000000e+00   7.7996188e-01
   2.6969973e-04   1.0000000e+00   7.8012917e-01
   2.7006369e-04   1.0000000e+00   7.8029608e-01
   2.7042766e-04   1.0000000e+00   7.8046261e-01
   2.7079163e-04   1.0000000e+00   7.8062876e-01
   2.7115560e-04   1.0000000e+00   7.8079453e-01
   2.7151956e-04   1.0000000e+00   7.8095993e-01
   2.7188353e-04   1.0000000e+00   7.8112495e-01
   2.7224750e-04   1.0000000e+00   7.8128960e-01
   2.7261146e-04   1.0000000e+00   7.8145388e-01
   2.7297543e-04   1.0000000e+00   7.8161780e-01
   2.7333940e-04   1.0000000e+00   7.8178134e-01
   2.7370337e-04   1.0000000e+00   7.8194452e-01
   2.7406733e-04   1.0000000e+00   7.8210733e-01
   2.7443130e-04   1.0000000e+00   7.8226977e-01
   2.7479527e-04   1.0000000e+00   7.8243186e-01
   2.7515924e-04   1.0000000e+00   7.8259358e-01
   2.7552320e-04   1.0000000e+00   7.8275494e-01
   2.7588717e-04   1.0000000e+00   7.8291595e-01
   2.7625114e-04   1.0000000e+00   7.8307660e-01
   2.7661510e-04   1.0000000e+00   7.8323689e-01
   2.7697907e-04   1.0000000e+00   7.8339682e-01
   2.7734304e-04   1.0000000e+00   7.8355641e-01
   2.7770701e-04   1.0000000e+00   7.8371564e-01
   2.7807097e-04   1.0000000e+00   7.8387452e-01
   2.7843494e-04   1.0000000e+00   7.8403305e-01
   2.7879891e-04   1.0000000e+00   7.8419123e-01
   2.7916288e-04   1.0000000e+00   7.8434906e-01
   2.7952684e-04   1.0000000e+00   7.8450655e-01
   2.7989081e-04   1.0000000e+00   7.8466370e-01
   2.8025478e-04   1.0000000e+00   7.8482050e-01
   2.8061874e-04   1.0000000e+00   7.8497696e-01
   2.8098271e-04   1.0000000e+00   7.8513308e-01
   2.8134668e-04   1.0000000e+00   7.8528886e-01
   2.8171065e-04   1.0000000e+00   7.8544430e-01
   2.8207461e-04   1.0000000e+00   7.8559941e-01
   2.8243858e-04   1.0000000e+00   7.8575417e-01
   2.8280255e-04   1.0000000e+00   7.8590861e-01
   2.8316652e-04   1.0000000e+00   7.8606271e-01
   2.8353048e-04   1.0000000e+00   7.8621648e-01
   2.8389445e-04   1.0000000e+00   7.8636991e-01
   2.8425842e-04   1.0000000e+00   7.8652302e-01
   2.8462238e-04   1.0000000e+00   7.8667580e-01
   2.8498635e-04   1.0000000e+00   7.8682825e-01
   2.8535032e-04   1.0000000e+00   7.8698038e-01
   2.8571429e-04   1.0000000e+00   7.8713218e-01
   2.8607825e-04   1.0000000e+00   7.8728365e-01
   2.8644222e-04   1.0000000e+00   7.8743481e-01
   2.8680619e-04   1.0000000e+00   7.8758564e-01
   2.8717015e-04   1.0000000e+00   7.8773615e-01
   2.8753412e-04   1.0000000e+00   7.8788634e-01
   2.8789809e-04   1.0000000e+00   7.8803621e-01
   2.8826206e-04   1.0000000e+00   7.8818577e-01
   2.8862602e-04   1.0000000e+00   7.8833501e-01
   2.8898999e-04   1.0000000e+00   7.8848394e-01
   2.8935396e-04   1.0000000e+00   7.8863255e-01
   2.8971793e-04   1.0000000e+00   7.8878085e-01
   2.9008189e-04   1.0000000e+00   7.8892883e-01
   2.9044586e-04   1.0000000e+00   7.8907651e-01
   2.9080983e-04   1.0000000e+00   7.8922388e-01
   2.9117379e-04   1.0000000e+00   7.8937093e-01
   2.9153776e-04   1.0000000e+00   7.8951769e-01
   2.9190173e-04   1.0000000e+00   7.8966413e-01
   2.9226570e-04   1.0000000e+00   7.8981027e-01
   2.9262966e-04   1.0000000e+00   7.8995611e-01
   2.9299363e-04   1.0000000e+00   7.9010164e-01
   2.9335760e-04   1.0000000e+00   7.9024687e-01
   2.9372157e-04   1.0000000e+00   7.9039180e-01
   2.9408553e-04   1.0000000e+00   7.9053643e-01
   2.9444950e-04   1.0000000e+00   7.9068076e-01
   2.9481347e-04   1.0000000e+00   7.9082479e-01
   2.9517743e-04   1.0000000e+00   7.9096853e-01
   2.9554140e-04   1.0000000e+00   7.9111197e-01
   2.9590537e-04   1.0000000e+00   7.9125511e-01
   2.9626934e-04   1.0000000e+00   7.9139797e-01
   2.9663330e-04   1.0000000e+00   7.9154053e-01
   2.9699727e-04   1.0000000e+00   7.9168279e-01
   2.9736124e-04   1.0000000e+00   7.9182477e-01
   2.9772520e-04   1.0000000e+00   7.9196645e-01
   2.9808917e-04   1.0000000e+00   7.9210785e-01
   2.9845314e-04   1.0000000e+00   7.9224896e-01
   2.9881711e-04   1.0000000e+00   7.9238978e-01
   2.9918107e-04   1.0000000e+00   7.9253032e-01
   2.9954504e-04   1.0000000e+00   7.9267057e-01
   2.9990901e-04   1.0000000e+00   7.9281054e-01
   3.0027298e-04   1.0000000e+00   7.9295023e-01
   3.0063694e-04   1.0000000e+00   7.9308963e-01
   3.0100091e-04   1.0000000e+00   7.9322875e-01
   3.0136488e-04   1.0000000e+00   7.9336759e-01
   3.0172884e-04   1.0000000e+00   7.9350615e-01
   3.0209281e-04   1.0000000e+00   7.9364444e-01
   3.0245678e-04   1.0000000e+00   7.9378244e-01
   3.0282075e-04   1.0000000e+00   7.9392017e-01
   3.0318471e-04   1.0000000e+00   7.9405763e-01
   3.0354868e-04   1.0000000e+00   7.9419481e-01
   3.0391265e-04   1.0000000e+00   7.9433172e-01
   3.0427662e-04   1.0000000e+00   7.9446835e-01
   3.0464058e-04   1.0000000e+00   7.9460471e-01
   3.0500455e-04   1.0000000e+00   7.9474080e-01
   3.0536852e-04   1.0000000e+00   7.9487662e-01
   3.0573248e-04   1.0000000e+00   7.9501217e-01
   3.0609645e-04   1.0000000e+00   7.9514745e-01
   3.0646042e-04   1.0000000e+00   7.9528247e-01
   3.0682439e-04   1.0000000e+00   7.9541722e-01
   3.0718835e-04   1.0000000e+00   7.9555170e-01
   3.0755232e-04   1.0000000e+00   7.9568592e-01
   3.0791629e-04   1.0000000e+00   7.9581988e-01
   3.0828025e-04   1.0000000e+00   7.9595357e-01
   3.0864422e-04   1.0000000e+00   7.9608700e-01
   3.0900819e-04   1.0000000e+00   7.9622016e-01
   3.0937216e-04   1.0000000e+00   7.9635307e-01
   3.0973612e-04   1.0000000e+00   7.9648572e-01
   3.1010009e-04   1.0000000e+00   7.9661811e-01
   3.1046406e-04   1.0000000e+00   7.9675024e-01
   3.1082803e-04   1.0000000e+00   7.9688211e-01
   3.1119199e-04   1.0000000e+00   7.9701373e-01
   3.1155596e-04   1.0000000e+00   7.9714509e-01
   3.1191993e-04   1.0000000e+00   7.9727620e-01
   3.1228389e-04   1.0000000e+00   7.9740705e-01
   3.1264786e-04   1.0000000e+00   7.9753765e-01
   3.1301183e-04   1.0000000e+00   7.9766800e-01
   3.1337580e-04   1.0000000e+00   7.9779810e-01
   3.1373976e-04   1.0000000e+00   7.9792794e-01
   3.1410373e-04   1.0000000e+00   7.9805754e-01
   3.1446770e-04   1.0000000e+00   7.9818689e-01
   3.1483167e-04   1.0000000e+00   7.9831599e-01
   3.1519563e-04   1.0000000e+00   7.9844484e-01
   3.1555960e-04   1.0000000e+00   7.9857344e-01
   3.1592357e-04   1.0000000e+00   7.9870180e-01
   3.1628753e-04   1.0000000e+00   7.9882992e-01
   3.1665150e-04   1.0000000e+00   7.9895779e-01
   3.1701547e-04   1.0000000e+00   7.9908542e-01
   3.1737944e-04   1.0000000e+00   7.9921280e-01
   3.1774340e-04   1.0000000e+00   7.9933994e-01
   3.1810737e-04   1.0000000e+00   7.9946684e-01
   3.1847134e-04   1.0000000e+00   7.9959350e-01
   3.1883530e-04   1.0000000e+00   7.9971992e-01
   3.1919927e-04   1.0000000e+00   7.9984611e-01
   3.1956324e-04   1.0000000e+00   7.9997205e-01
   3.1992721e-04   1.0000000e+00   8.0009776e-01
   3.2029117e-04   1.0000000e+00   8.0022323e-01
   3.2065514e-04   1.0000000e+00   8.0034846e-01
   3.2101911e-04   1.0000000e+00   8.0047346e-01
   3.2138308e-04   1.0000000e+00   8.0059822e-01
   3.2174704e-04   1.0000000e+00   8.0072275e-01
   3.2211101e-04   1.0000000e+00   8.0084705e-01
   3.2247498e-04   1.0000000e+00   8.0097112e-01
   3.2283894e-04   1.0000000e+00   8.0109495e-01
   3.2320291e-04   1.0000000e+00   8.0121855e-01
   3.2356688e-04   1.0000000e+00   8.0134193e-01
   3.2393085e-04   1.0000000e+00   8.0146507e-01
   3.2429481e-04   1.0000000e+00   8.0158798e-01
   3.2465878e-04   1.0000000e+00   8.0171067e-01
   3.2502275e-04   1.0000000e+00   8.0183313e-01
   3.2538672e-04   1.0000000e+00   8.0195536e-01
   3.2575068e-04   1.0000000e+00   8.0207737e-01
   3.2611465e-04   1.0000000e+00   8.0219915e-01
   3.2647862e-04   1.0000000e+00   8.0232071e-01
   3.2684258e-04   1.0000000e+00   8.0244204e-01
   3.2720655e-04   1.0000000e+00   8.0256315e-01
   3.2757052e-04   1.0000000e+00   8.0268404e-01
   3.2793449e-04   1.0000000e+00   8.0280471e-01
   3.2829845e-04   1.0000000e+00   8.0292515e-01
   3.2866242e-04   1.0000000e+00   8.0304538e-01
   3.2902639e-04   1.0000000e+00   8.0316538e-01
   3.2939035e-04   1.0000000e+00   8.0328517e-01
   3.2975432e-04   1.0000000e+00   8.0340474e-01
   3.3011829e-04   1.0000000e+00   8.0352409e-01
   3.3048226e-04   1.0000000e+00   8.0364322e-01
   3.3084622e-04   1.0000000e+00   8.0376214e-01
   3.3121019e-04   1.0000000e+00   8.0388084e-01
   3.3157416e-04   1.0000000e+00   8.0399932e-01
   3.3193813e-04   1.0000000e+00   8.0411759e-01
   3.3230209e-04   1.0000000e+00   8.0423565e-01
   3.3266606e-04   1.0000000e+00   8.0435350e-01
   3.3303003e-04   1.0000000e+00   8.0447113e-01
   3.3339399e-04   1.0000000e+00   8.0458855e-01
   3.3375796e-04   1.0000000e+00   8.0470576e-01
   3.3412193e-04   1.0000000e+00   8.0482275e-01
   3.3448590e-04   1.0000000e+00   8.0493954e-01
   3.3484986e-04   1.0000000e+00   8.0505612e-01
   3.3521383e-04   1.0000000e+00   8.0517249e-01
   3.3557780e-04   1.0000000e+00   8.0528865e-01
   3.3594177e-04   1.0000000e+00   8.0540461e-01
   3.3630573e-04   1.0000000e+00   8.0552035e-01
   3.3666970e-04   1.0000000e+00   8.0563590e-01
   3.3703367e-04   1.0000000e+00   8.0575123e-01
   3.3739763e-04   1.0000000e+00   8.0586636e-01
   3.3776160e-04   1.0000000e+00   8.0598129e-01
   3.3812557e-04   1.0000000e+00   8.0609601e-01
   3.3848954e-04   1.0000000e+00   8.0621053e-01
   3.3885350e-04   1.0000000e+00   8.0632484e-01
   3.3921747e-04   1.0000000e+00   8.0643896e-01
   3.3958144e-04   1.0000000e+00   8.0655287e-01
   3.3994540e-04   1.0000000e+00   8.0666658e-01
   3.4030937e-04   1.0000000e+00   8.0678010e-01
   3.4067334e-04   1.0000000e+00   8.0689341e-01
   3.4103731e-04   1.0000000e+00   8.0700652e-01
   3.4140127e-04   1.0000000e+00   8.0711944e-01
   3.4176524e-04   1.0000000e+00   8.0723215e-01
   3.4212921e-04   1.0000000e+00   8.0734467e-01
   3.4249318e-04   1.0000000e+00   8.0745699e-01
   3.4285714e-04   1.0000000e+00   8.0756912e-01
   3.4322111e-04   1.0000000e+00   8.0768105e-01
   3.4358508e-04   1.0000000e+00   8.0779279e-01
   3.4394904e-04   1.0000000e+00   8.0790433e-01
   3.4431301e-04   1.0000000e+00   8.0801567e-01
   3.4467698e-04   1.0000000e+00   8.0812683e-01
   3.4504095e-04   1.0000000e+00   8.0823779e-01
   3.4540491e-04   1.0000000e+00   8.0834856e-01
   3.4576888e-04   1.0000000e+00   8.0845913e-01
   3.4613285e-04   1.0000000e+00   8.0856952e-01
   3.4649682e-04   1.0000000e+00   8.0867972e-01
   3.4686078e-04   1.0000000e+00   8.0878972e-01
   3.4722475e-04   1.0000000e+00   8.0889954e-01
   3.4758872e-04   1.0000000e+00   8.0900916e-01
   3.4795268e-04   1.0000000e+00   8.0911860e-01
   3.4831665e-04   1.0000000e+00   8.0922785e-01
   3.4868062e-04   1.0000000e+00   8.0933691e-01
   3.4904459e-04   1.0000000e+00   8.0944579e-01
   3.4940855e-04   1.0000000e+00   8.0955448e-01
   3.4977252e-04   1.0000000e+00   8.0966299e-01
   3.5013649e-04   1.0000000e+00   8.0977130e-01
   3.5050045e-04   1.0000000e+00   8.0987944e-01
   3.5086442e-04   1.0000000e+00   8.0998739e-01
   3.5122839e-04   1.0000000e+00   8.1009516e-01
   3.5159236e-04   1.0000000e+00   8.1020274e-01
   3.5195632e-04   1.0000000e+00   8.1031014e-01
   3.5232029e-04   1.0000000e+00   8.1041736e-01
   3.5268426e-04   1.0000000e+00   8.1052440e-01
   3.5304823e-04   1.0000000e+00   8.1063125e-01
   3.5341219e-04   1.0000000e+00   8.1073793e-01
   3.5377616e-04   1.0000000e+00   8.1084442e-01
   3.5414013e-04   1.0000000e+00   8.1095074e-01
   3.5450409e-04   1.0000000e+00   8.1105687e-01
   3.5486806e-04   1.0000000e+00   8.1116283e-01
   3.5523203e-04   1.0000000e+00   8.1126861e-01
   3.5559600e-04   1.0000000e+00   8.1137422e-01
   3.5595996e-04   1.0000000e+00   8.1147964e-01
   3.5632393e-04   1.0000000e+00   8.1158489e-01
   3.5668790e-04   1.0000000e+00   8.1168996e-01
   3.5705187e-04   1.0000000e+00   8.1179486e-01
   3.5741583e-04   1.0000000e+00   8.1189958e-01
   3.5777980e-04   1.0000000e+00   8.1200413e-01
   3.5814377e-04   1.0000000e+00   8.1210851e-01
   3.5850773e-04   1.0000000e+00   8.1221271e-01
   3.5887170e-04   1.0000000e+00   8.1231673e-01
   3.5923567e-04   1.0000000e+00   8.1242059e-01
   3.5959964e-04   1.0000000e+00   8.1252427e-01
   3.5996360e-04   1.0000000e+00   8.1262778e-01
   3.6032757e-04   1.0000000e+00   8.1273112e-01
   3.6069154e-04   1.0000000e+00   8.1283429e-01
   3.6105551e-04   1.0000000e+00   8.1293729e-01
   3.6141947e-04   1.0000000e+00   8.1304011e-01
   3.6178344e-04   1.0000000e+00   8.1314277e-01
   3.6214741e-04   1.0000000e+00   8.1324526e-01
   3.6251137e-04   1.0000000e+00   8.1334758e-01
   3.6287534e-04   1.0000000e+00   8.1344974e-01
   3.6323931e-04   1.0000000e+00   8.1355172e-01
   3.6360328e-04   1.0000000e+00   8.1365354e-01
   3.6396724e-04   1.0000000e+00   8.1375520e-01
   3.6433121e-04   1.0000000e+00   8.1385668e-01
   3.6469518e-04   1.0000000e+00   8.1395800e-01
   3.6505914e-04   1.0000000e+00   8.1405916e-01
   3.6542311e-04   1.0000000e+00   8.1416015e-01
   3.6578708e-04   1.0000000e+00   8.1426097e-01
   3.6615105e-04   1.0000000e+00   8.1436164e-01
   3.6651501e-04   1.0000000e+00   8.1446214e-01
   3.6687898e-04   1.0000000e+00   8.1456247e-01
   3.6724295e-04   1.0000000e+00   8.1466264e-01
   3.6760692e-04   1.0000000e+00   8.1476266e-01
   3.6797088e-04   1.0000000e+00   8.1486250e-01
   3.6833485e-04   1.0000000e+00   8.1496219e-01
   3.6869882e-04   1.0000000e+00   8.1506172e-01
   3.6906278e-04   1.0000000e+00   8.1516109e-01
   3.6942675e-04   1.0000000e+00   8.1526029e-01
   3.6979072e-04   1.0000000e+00   8.1535934e-01
   3.7015469e-04   1.0000000e+00   8.1545823e-01
   3.7051865e-04   1.0000000e+00   8.1555696e-01
   3.7088262e-04   1.0000000e+00   8.1565553e-01
   3.7124659e-04   1.0000000e+00   8.1575394e-01
   3.7161056e-04   1.0000000e+00   8.1585220e-01
   3.7197452e-04   1.0000000e+00   8.1595030e-01
   3.7233849e-04   1.0000000e+00   8.1604824e-01
   3.7270246e-04   1.0000000e+00   8.1614603e-01
   3.7306642e-04   1.0000000e+00   8.1624366e-01
   3.7343039e-04   1.0000000e+00   8.1634113e-01
   3.7379436e-04   1.0000000e+00   8.1643845e-01
   3.7415833e-04   1.0000000e+00   8.1653562e-01
   3.7452229e-04   1.0000000e+00   8.1663263e-01
   3.7488626e-04   1.0000000e+00   8.1672949e-01
   3.7525023e-04   1.0000000e+00   8.1682619e-01
   3.7561419e-04   1.0000000e+00   8.1692274e-01
   3.7597816e-04   1.0000000e+00   8.1701914e-01
   3.7634213e-04   1.0000000e+00   8.1711539e-01
   3.7670610e-04   1.0000000e+00   8.1721149e-01
   3.7707006e-04   1.0000000e+00   8.1730743e-01
   3.7743403e-04   1.0000000e+00   8.1740322e-01
   3.7779800e-04   1.0000000e+00   8.1749886e-01
   3.7816197e-04   1.0000000e+00   8.1759436e-01
   3.7852593e-04   1.0000000e+00   8.1768970e-01
   3.7888990e-04   1.0000000e+00   8.1778489e-01
   3.7925387e-04   1.0000000e+00   8.1787994e-01
   3.7961783e-04   1.0000000e+00   8.1797483e-01
   3.7998180e-04   1.0000000e+00   8.1806958e-01
   3.8034577e-04   1.0000000e+00   8.1816418e-01
   3.8070974e-04   1.0000000e+00   8.1825863e-01
   3.8107370e-04   1.0000000e+00   8.1835294e-01
   3.8143767e-04   1.0000000e+00   8.1844710e-01
   3.8180164e-04   1.0000000e+00   8.1854111e-01
   3.8216561e-04   1.0000000e+00   8.1863498e-01
   3.8252957e-04   1.0000000e+00   8.1872870e-01
   3.8289354e-04   1.0000000e+00   8.1882228e-01
   3.8325751e-04   1.0000000e+00   8.1891571e-01
   3.8362147e-04   1.0000000e+00   8.1900899e-01
   3.8398544e-04   1.0000000e+00   8.1910214e-01
   3.8434941e-04   1.0000000e+00   8.1919514e-01
   3.8471338e-04   1.0000000e+00   8.1928799e-01
   3.8507734e-04   1.0000000e+00   8.1938071e-01
   3.8544131e-04   1.0000000e+00   8.1947328e-01
   3.8580528e-04   1.0000000e+00   8.1956571e-01
   3.8616924e-04   1.0000000e+00   8.1965799e-01
   3.8653321e-04   1.0000000e+00   8.1975014e-01
   3.8689718e-04   1.0000000e+00   8.1984214e-01
   3.8726115e-04   1.0000000e+00   8.1993401e-01
   3.8762511e-04   1.0000000e+00   8.2002573e-01
   3.8798908e-04   1.0000000e+00   8.2011731e-01
   3.8835305e-04   1.0000000e+00   8.2020875e-01
   3.8871702e-04   1.0000000e+00   8.2030006e-01
   3.8908098e-04   1.0000000e+00   8.2039122e-01
   3.8944495e-04   1.0000000e+00   8.2048225e-01
   3.8980892e-04   1.0000000e+00   8.2057314e-01
   3.9017288e-04   1.0000000e+00   8.2066389e-01
   3.9053685e-04   1.0000000e+00   8.2075450e-01
   3.9090082e-04   1.0000000e+00   8.2084498e-01
   3.9126479e-04   1.0000000e+00   8.2093532e-01
   3.9162875e-04   1.0000000e+00   8.2102552e-01
   3.9199272e-04   1.0000000e+00   8.2111559e-01
   3.9235669e-04   1.0000000e+00   8.2120552e-01
   3.9272066e-04   1.0000000e+00   8.2129531e-01
   3.9308462e-04   1.0000000e+00   8.2138497e-01
   3.9344859e-04   1.0000000e+00   8.2147450e-01
   3.9381256e-04   1.0000000e+00   8.2156389e-01
   3.9417652e-04   1.0000000e+00   8.2165314e-01
   3.9454049e-04   1.0000000e+00   8.2174227e-01
   3.9490446e-04   1.0000000e+00   8.2183125e-01
   3.9526843e-04   1.0000000e+00   8.2192011e-01
   3.9563239e-04   1.0000000e+00   8.2200883e-01
   3.9599636e-04   1.0000000e+00   8.2209742e-01
   3.9636033e-04   1.0000000e+00   8.2218588e-01
   3.9672429e-04   1.0000000e+00   8.2227421e-01
   3.9708826e-04   1.0000000e+00   8.2236241e-01
   3.9745223e-04   1.0000000e+00   8.2245047e-01
   3.9781620e-04   1.0000000e+00   8.2253840e-01
   3.9818016e-04   1.0000000e+00   8.2262621e-01
   3.9854413e-04   1.0000000e+00   8.2271388e-01
   3.9890810e-04   1.0000000e+00   8.2280142e-01
   3.9927207e-04   1.0000000e+00   8.2288883e-01
   3.9963603e-04   1.0000000e+00   8.2297612e-01
   4.0000000e-04   1.0000000e+00   8.2306327e-01
