   0.0000000e+00   0.0000000e+00   0.0000000e+00
   1.6722408e-04   0.0000000e+00   0.0000000e+00
   3.3444816e-04   0.0000000e+00   0.0000000e+00
   5.0167224e-04   0.0000000e+00   0.0000000e+00
   6.6889632e-04   0.0000000e+00   0.0000000e+00
   8.3612040e-04   0.0000000e+00   0.0000000e+00
   1.0033445e-03   0.0000000e+00   0.0000000e+00
   1.1705686e-03   0.0000000e+00   0.0000000e+00
   1.3377926e-03   0.0000000e+00   0.0000000e+00
   1.5050167e-03   0.0000000e+00   0.0000000e+00
   1.6722408e-03   0.0000000e+00   0.0000000e+00
   1.8394649e-03   0.0000000e+00   0.0000000e+00
   2.0066890e-03   0.0000000e+00   0.0000000e+00
   2.1739130e-03   0.0000000e+00   0.0000000e+00
   2.3411371e-03   0.0000000e+00   0.0000000e+00
   2.5083612e-03   0.0000000e+00   0.0000000e+00
   2.6755853e-03   0.0000000e+00   0.0000000e+00
   2.8428094e-03   0.0000000e+00   0.0000000e+00
   3.0100334e-03   0.0000000e+00   0.0000000e+00
   3.1772575e-03   0.0000000e+00   0.0000000e+00
   3.3444816e-03   0.0000000e+00   0.0000000e+00
   3.5117057e-03   0.0000000e+00   0.0000000e+00
   3.6789298e-03   0.0000000e+00   0.0000000e+00
   3.8461538e-03   0.0000000e+00   0.0000000e+00
   4.0133779e-03   0.0000000e+00   0.0000000e+00
   4.1806020e-03   0.0000000e+00   0.0000000e+00
   4.3478261e-03   0.0000000e+00   0.0000000e+00
   4.5150502e-03   0.0000000e+00   0.0000000e+00
   4.6822742e-03   0.0000000e+00   0.0000000e+00
   4.8494983e-03   0.0000000e+00   0.0000000e+00
   5.0167224e-03   0.0000000e+00   0.0000000e+00
   5.1839465e-03   0.0000000e+00   0.0000000e+00
   5.3511706e-03   0.0000000e+00   0.0000000e+00
   5.5183946e-03   0.0000000e+00   0.0000000e+00
   5.6856187e-03   0.0000000e+00   0.0000000e+00
   5.8528428e-03   0.0000000e+00   0.0000000e+00
   6.0200669e-03   0.0000000e+00   0.0000000e+00
   6.1872910e-03   0.0000000e+00   0.0000000e+00
   6.3545151e-03   0.0000000e+00   0.0000000e+00
   6.5217391e-03   0.0000000e+00   0.0000000e+00
   6.6889632e-03   0.0000000e+00   0.0000000e+00
   6.8561873e-03   0.0000000e+00   0.0000000e+00
   7.0234114e-03   0.0000000e+00   0.0000000e+00
   7.1906355e-03   0.0000000e+00   0.0000000e+00
   7.3578595e-03   0.0000000e+00   0.0000000e+00
   7.5250836e-03   0.0000000e+00   0.0000000e+00
   7.6923077e-03   0.0000000e+00   0.0000000e+00
   7.8595318e-03   0.0000000e+00   0.0000000e+00
   8.0267559e-03   0.0000000e+00   0.0000000e+00
   8.1939799e-03   0.0000000e+00   0.0000000e+00
   8.3612040e-03   1.0000000e+00   0.0000000e+00
   8.5284281e-03   1.0000000e+00   4.6038279e-06
   8.6956522e-03   1.0000000e+00   6.6600714e-05
   8.8628763e-03   1.0000000e+00   3.0479564e-04
   9.0301003e-03   1.0000000e+00   8.7067073e-04
   9.1973244e-03   1.0000000e+00   1.9209241e-03
   9.3645485e-03   1.0000000e+00   3.5989694e-03
   9.5317726e-03   1.0000000e+00   6.0233209e-03
   9.6989967e-03   1.0000000e+00   9.2811852e-03
   9.8662207e-03   1.0000000e+00   1.3425907e-02
   1.0033445e-02   1.0000000e+00   1.8477193e-02
   1.0200669e-02   1.0000000e+00   2.4423254e-02
   1.0367893e-02   1.0000000e+00   3.1224211e-02
   1.0535117e-02   1.0000000e+00   3.8816235e-02
   1.0702341e-02   1.0000000e+00   4.7116043e-02
   1.0869565e-02   1.0000000e+00   5.6025453e-02
   1.1036789e-02   1.0000000e+00   6.5435783e-02
   1.1204013e-02   1.0000000e+00   7.5231967e-02
   1.1371237e-02   1.0000000e+00   8.5296268e-02
   1.1538462e-02   1.0000000e+00   9.5511553e-02
   1.1705686e-02   1.0000000e+00   1.0576409e-01
   1.1872910e-02   1.0000000e+00   1.1594590e-01
   1.2040134e-02   1.0000000e+00   1.2595657e-01
   1.2207358e-02   1.0000000e+00   1.3570476e-01
   1.2374582e-02   1.0000000e+00   1.4510919e-01
   1.2541806e-02   1.0000000e+00   1.5409931e-01
   1.2709030e-02   1.0000000e+00   1.6261572e-01
   1.2876254e-02   1.0000000e+00   1.7061015e-01
   1.3043478e-02   1.0000000e+00   1.7804540e-01
   1.3210702e-02   1.0000000e+00   1.8489493e-01
   1.3377926e-02   1.0000000e+00   1.9114234e-01
   1.3545151e-02   1.0000000e+00   1.9678077e-01
   1.3712375e-02   1.0000000e+00   2.0181214e-01
   1.3879599e-02   1.0000000e+00   2.0624636e-01
   1.4046823e-02   1.0000000e+00   2.1010048e-01
   1.4214047e-02   1.0000000e+00   2.1339783e-01
   1.4381271e-02   1.0000000e+00   2.1616715e-01
   1.4548495e-02   1.0000000e+00   2.1844176e-01
   1.4715719e-02   1.0000000e+00   2.2025868e-01
   1.4882943e-02   1.0000000e+00   2.2165790e-01
   1.5050167e-02   1.0000000e+00   2.2268159e-01
   1.5217391e-02   1.0000000e+00   2.2337341e-01
   1.5384615e-02   1.0000000e+00   2.2377786e-01
   1.5551839e-02   1.0000000e+00   2.2393972e-01
   1.5719064e-02   1.0000000e+00   2.2390346e-01
   1.5886288e-02   1.0000000e+00   2.2371284e-01
   1.6053512e-02   1.0000000e+00   2.2341041e-01
   1.6220736e-02   1.0000000e+00   2.2303723e-01
   1.6387960e-02   1.0000000e+00   2.2263252e-01
   1.6555184e-02   1.0000000e+00   2.2223342e-01
   1.6722408e-02   1.0000000e+00   2.2187476e-01
   1.6889632e-02   1.0000000e+00   2.2158895e-01
   1.7056856e-02   1.0000000e+00   2.2140581e-01
   1.7224080e-02   1.0000000e+00   2.2135252e-01
   1.7391304e-02   1.0000000e+00   2.2145356e-01
   1.7558528e-02   1.0000000e+00   2.2173073e-01
   1.7725753e-02   1.0000000e+00   2.2220312e-01
   1.7892977e-02   1.0000000e+00   2.2288716e-01
   1.8060201e-02   1.0000000e+00   2.2379672e-01
   1.8227425e-02   1.0000000e+00   2.2494315e-01
   1.8394649e-02   1.0000000e+00   2.2633538e-01
   1.8561873e-02   1.0000000e+00   2.2798005e-01
   1.8729097e-02   1.0000000e+00   2.2988160e-01
   1.8896321e-02   1.0000000e+00   2.3204242e-01
   1.9063545e-02   1.0000000e+00   2.3446297e-01
   1.9230769e-02   1.0000000e+00   2.3714194e-01
   1.9397993e-02   1.0000000e+00   2.4007635e-01
   1.9565217e-02   1.0000000e+00   2.4326173e-01
   1.9732441e-02   1.0000000e+00   2.4669222e-01
   1.9899666e-02   1.0000000e+00   2.5036075e-01
   2.0066890e-02   1.0000000e+00   2.5425915e-01
   2.0234114e-02   1.0000000e+00   2.5837827e-01
   2.0401338e-02   1.0000000e+00   2.6270816e-01
   2.0568562e-02   1.0000000e+00   2.6723812e-01
   2.0735786e-02   1.0000000e+00   2.7195687e-01
   2.0903010e-02   1.0000000e+00   2.7685263e-01
   2.1070234e-02   1.0000000e+00   2.8191327e-01
   2.1237458e-02   1.0000000e+00   2.8712633e-01
   2.1404682e-02   1.0000000e+00   2.9247920e-01
   2.1571906e-02   1.0000000e+00   2.9795913e-01
   2.1739130e-02   1.0000000e+00   3.0355337e-01
   2.1906355e-02   1.0000000e+00   3.0924918e-01
   2.2073579e-02   1.0000000e+00   3.1503396e-01
   2.2240803e-02   1.0000000e+00   3.2089527e-01
   2.2408027e-02   1.0000000e+00   3.2682088e-01
   2.2575251e-02   1.0000000e+00   3.3279884e-01
   2.2742475e-02   1.0000000e+00   3.3881751e-01
   2.2909699e-02   1.0000000e+00   3.4486559e-01
   2.3076923e-02   1.0000000e+00   3.5093217e-01
   2.3244147e-02   1.0000000e+00   3.5700673e-01
   2.3411371e-02   1.0000000e+00   3.6307921e-01
   2.3578595e-02   1.0000000e+00   3.6913996e-01
   2.3745819e-02   1.0000000e+00   3.7517981e-01
   2.3913043e-02   1.0000000e+00   3.8119006e-01
   2.4080268e-02   1.0000000e+00   3.8716249e-01
   2.4247492e-02   1.0000000e+00   3.9308934e-01
   2.4414716e-02   1.0000000e+00   3.9896335e-01
   2.4581940e-02   1.0000000e+00   4.0477776e-01
   2.4749164e-02   1.0000000e+00   4.1052624e-01
   2.4916388e-02   1.0000000e+00   4.1620298e-01
   2.5083612e-02   1.0000000e+00   4.2180261e-01
   2.5250836e-02   1.0000000e+00   4.2732021e-01
   2.5418060e-02   1.0000000e+00   4.3275132e-01
   2.5585284e-02   1.0000000e+00   4.3809189e-01
   2.5752508e-02   1.0000000e+00   4.4333831e-01
   2.5919732e-02   1.0000000e+00   4.4848737e-01
   2.6086957e-02   1.0000000e+00   4.5353624e-01
   2.6254181e-02   1.0000000e+00   4.5848247e-01
   2.6421405e-02   1.0000000e+00   4.6332396e-01
   2.6588629e-02   1.0000000e+00   4.6805898e-01
   2.6755853e-02   1.0000000e+00   4.7268609e-01
   2.6923077e-02   1.0000000e+00   4.7720419e-01
   2.7090301e-02   1.0000000e+00   4.8161245e-01
   2.7257525e-02   1.0000000e+00   4.8591034e-01
   2.7424749e-02   1.0000000e+00   4.9009756e-01
   2.7591973e-02   1.0000000e+00   4.9417409e-01
   2.7759197e-02   1.0000000e+00   4.9814011e-01
   2.7926421e-02   1.0000000e+00   5.0199603e-01
   2.8093645e-02   1.0000000e+00   5.0574245e-01
   2.8260870e-02   1.0000000e+00   5.0938016e-01
   2.8428094e-02   1.0000000e+00   5.1291012e-01
   2.8595318e-02   1.0000000e+00   5.1633343e-01
   2.8762542e-02   1.0000000e+00   5.1965134e-01
   2.8929766e-02   1.0000000e+00   5.2286526e-01
   2.9096990e-02   1.0000000e+00   5.2597666e-01
   2.9264214e-02   1.0000000e+00   5.2898716e-01
   2.9431438e-02   1.0000000e+00   5.3189846e-01
   2.9598662e-02   1.0000000e+00   5.3471234e-01
   2.9765886e-02   1.0000000e+00   5.3743065e-01
   2.9933110e-02   1.0000000e+00   5.4005531e-01
   3.0100334e-02   1.0000000e+00   5.4258831e-01
   3.0267559e-02   1.0000000e+00   5.4503165e-01
   3.0434783e-02   1.0000000e+00   5.4738740e-01
   3.0602007e-02   1.0000000e+00   5.4965764e-01
   3.0769231e-02   1.0000000e+00   5.5184448e-01
   3.0936455e-02   1.0000000e+00   5.5395006e-01
   3.1103679e-02   1.0000000e+00   5.5597649e-01
   3.1270903e-02   1.0000000e+00   5.5792593e-01
   3.1438127e-02   1.0000000e+00   5.5980052e-01
   3.1605351e-02   1.0000000e+00   5.6160239e-01
   3.1772575e-02   1.0000000e+00   5.6333365e-01
   3.1939799e-02   1.0000000e+00   5.6499643e-01
   3.2107023e-02   1.0000000e+00   5.6659281e-01
   3.2274247e-02   1.0000000e+00   5.6812485e-01
   3.2441472e-02   1.0000000e+00   5.6959461e-01
   3.2608696e-02   1.0000000e+00   5.7100409e-01
   3.2775920e-02   1.0000000e+00   5.7235528e-01
   3.2943144e-02   1.0000000e+00   5.7365013e-01
   3.3110368e-02   1.0000000e+00   5.7489057e-01
   3.3277592e-02   1.0000000e+00   5.7607846e-01
   3.3444816e-02   1.0000000e+00   5.7721566e-01
   3.3612040e-02   1.0000000e+00   5.7830397e-01
   3.3779264e-02   1.0000000e+00   5.7934516e-01
   3.3946488e-02   1.0000000e+00   5.8034094e-01
   3.4113712e-02   1.0000000e+00   5.8129299e-01
   3.4280936e-02   1.0000000e+00   5.8220297e-01
   3.4448161e-02   1.0000000e+00   5.8307246e-01
   3.4615385e-02   1.0000000e+00   5.8390301e-01
   3.4782609e-02   1.0000000e+00   5.8469614e-01
   3.4949833e-02   1.0000000e+00   5.8545331e-01
   3.5117057e-02   1.0000000e+00   5.8617596e-01
   3.5284281e-02   1.0000000e+00   5.8686545e-01
   3.5451505e-02   1.0000000e+00   5.8752314e-01
   3.5618729e-02   1.0000000e+00   5.8815031e-01
   3.5785953e-02   1.0000000e+00   5.8874822e-01
   3.5953177e-02   1.0000000e+00   5.8931809e-01
   3.6120401e-02   1.0000000e+00   5.8986110e-01
   3.6287625e-02   1.0000000e+00   5.9037837e-01
   3.6454849e-02   1.0000000e+00   5.9087100e-01
   3.6622074e-02   1.0000000e+00   5.9134006e-01
   3.6789298e-02   1.0000000e+00   5.9178655e-01
   3.6956522e-02   1.0000000e+00   5.9221146e-01
   3.7123746e-02   1.0000000e+00   5.9261575e-01
   3.7290970e-02   1.0000000e+00   5.9300031e-01
   3.7458194e-02   1.0000000e+00   5.9336603e-01
   3.7625418e-02   1.0000000e+00   5.9371376e-01
   3.7792642e-02   1.0000000e+00   5.9404430e-01
   3.7959866e-02   1.0000000e+00   5.9435843e-01
   3.8127090e-02   1.0000000e+00   5.9465691e-01
   3.8294314e-02   1.0000000e+00   5.9494045e-01
   3.8461538e-02   1.0000000e+00   5.9520974e-01
   3.8628763e-02   1.0000000e+00   5.9546544e-01
   3.8795987e-02   1.0000000e+00   5.9570820e-01
   3.8963211e-02   1.0000000e+00   5.9593862e-01
   3.9130435e-02   1.0000000e+00   5.9615727e-01
   3.9297659e-02   1.0000000e+00   5.9636473e-01
   3.9464883e-02   1.0000000e+00   5.9656153e-01
   3.9632107e-02   1.0000000e+00   5.9674817e-01
   3.9799331e-02   1.0000000e+00   5.9692515e-01
   3.9966555e-02   1.0000000e+00   5.9709294e-01
   4.0133779e-02   1.0000000e+00   5.9725199e-01
   4.0301003e-02   1.0000000e+00   5.9740271e-01
   4.0468227e-02   1.0000000e+00   5.9754553e-01
   4.0635452e-02   1.0000000e+00   5.9768083e-01
   4.0802676e-02   1.0000000e+00   5.9780899e-01
   4.0969900e-02   1.0000000e+00   5.9793035e-01
   4.1137124e-02   1.0000000e+00   5.9804527e-01
   4.1304348e-02   1.0000000e+00   5.9815406e-01
   4.1471572e-02   1.0000000e+00   5.9825704e-01
   4.1638796e-02   1.0000000e+00   5.9835450e-01
   4.1806020e-02   1.0000000e+00   5.9844671e-01
   4.1973244e-02   1.0000000e+00   5.9853396e-01
   4.2140468e-02   1.0000000e+00   5.9861648e-01
   4.2307692e-02   1.0000000e+00   5.9869453e-01
   4.2474916e-02   1.0000000e+00   5.9876834e-01
   4.2642140e-02   1.0000000e+00   5.9883812e-01
   4.2809365e-02   1.0000000e+00   5.9890409e-01
   4.2976589e-02   1.0000000e+00   5.9896644e-01
   4.3143813e-02   1.0000000e+00   5.9902536e-01
   4.3311037e-02   1.0000000e+00   5.9908104e-01
   4.3478261e-02   1.0000000e+00   5.9913364e-01
   4.3645485e-02   1.0000000e+00   5.9918333e-01
   4.3812709e-02   1.0000000e+00   5.9923027e-01
   4.3979933e-02   1.0000000e+00   5.9927459e-01
   4.4147157e-02   1.0000000e+00   5.9931644e-01
   4.4314381e-02   1.0000000e+00   5.9935594e-01
   4.4481605e-02   1.0000000e+00   5.9939324e-01
   4.4648829e-02   1.0000000e+00   5.9942844e-01
   4.4816054e-02   1.0000000e+00   5.9946166e-01
   4.4983278e-02   1.0000000e+00   5.9949300e-01
   4.5150502e-02   1.0000000e+00   5.9952258e-01
   4.5317726e-02   1.0000000e+00   5.9955047e-01
   4.5484950e-02   1.0000000e+00   5.9957679e-01
   4.5652174e-02   1.0000000e+00   5.9960160e-01
   4.5819398e-02   1.0000000e+00   5.9962500e-01
   4.5986622e-02   1.0000000e+00   5.9964707e-01
   4.6153846e-02   1.0000000e+00   5.9966787e-01
   4.6321070e-02   1.0000000e+00   5.9968747e-01
   4.6488294e-02   1.0000000e+00   5.9970595e-01
   4.6655518e-02   1.0000000e+00   5.9972337e-01
   4.6822742e-02   1.0000000e+00   5.9973978e-01
   4.6989967e-02   1.0000000e+00   5.9975524e-01
   4.7157191e-02   1.0000000e+00   5.9976980e-01
   4.7324415e-02   1.0000000e+00   5.9978352e-01
   4.7491639e-02   1.0000000e+00   5.9979645e-01
   4.7658863e-02   1.0000000e+00   5.9980861e-01
   4.7826087e-02   1.0000000e+00   5.9982007e-01
   4.7993311e-02   1.0000000e+00   5.9983086e-01
   4.8160535e-02   1.0000000e+00   5.9984102e-01
   4.8327759e-02   1.0000000e+00   5.9985058e-01
   4.8494983e-02   1.0000000e+00   5.9985958e-01
   4.8662207e-02   1.0000000e+00   5.9986805e-01
   4.8829431e-02   1.0000000e+00   5.9987602e-01
   4.8996656e-02   1.0000000e+00   5.9988352e-01
   4.9163880e-02   1.0000000e+00   5.9989057e-01
   4.9331104e-02   1.0000000e+00   5.9989721e-01
   4.9498328e-02   1.0000000e+00   5.9990345e-01
   4.9665552e-02   1.0000000e+00   5.9990932e-01
   4.9832776e-02   1.0000000e+00   5.9991484e-01
   5.0000000e-02   1.0000000e+00   5.9992004e-01
