   0.0000000e+00   0.0000000e+00   0.0000000e+00
   2.0040080e-05   0.0000000e+00   0.0000000e+00
   4.0080160e-05   0.0000000e+00   0.0000000e+00
   6.0120240e-05   0.0000000e+00   0.0000000e+00
   8.0160321e-05   0.0000000e+00   0.0000000e+00
   1.0020040e-04   0.0000000e+00   0.0000000e+00
   1.2024048e-04   0.0000000e+00   0.0000000e+00
   1.4028056e-04   0.0000000e+00   0.0000000e+00
   1.6032064e-04   0.0000000e+00   0.0000000e+00
   1.8036072e-04   0.0000000e+00   0.0000000e+00
   2.0040080e-04   0.0000000e+00   0.0000000e+00
   2.2044088e-04   0.0000000e+00   0.0000000e+00
   2.4048096e-04   0.0000000e+00   0.0000000e+00
   2.6052104e-04   0.0000000e+00   0.0000000e+00
   2.8056112e-04   0.0000000e+00   0.0000000e+00
   3.0060120e-04   0.0000000e+00   0.0000000e+00
   3.2064128e-04   0.0000000e+00   0.0000000e+00
   3.4068136e-04   0.0000000e+00   0.0000000e+00
   3.6072144e-04   0.0000000e+00   0.0000000e+00
   3.8076152e-04   0.0000000e+00   0.0000000e+00
   4.0080160e-04   0.0000000e+00   0.0000000e+00
   4.2084168e-04   0.0000000e+00   0.0000000e+00
   4.4088176e-04   0.0000000e+00   0.0000000e+00
   4.6092184e-04   0.0000000e+00   0.0000000e+00
   4.8096192e-04   0.0000000e+00   0.0000000e+00
   5.0100200e-04   0.0000000e+00   0.0000000e+00
   5.2104208e-04   0.0000000e+00   0.0000000e+00
   5.4108216e-04   0.0000000e+00   0.0000000e+00
   5.6112224e-04   0.0000000e+00   0.0000000e+00
   5.8116232e-04   0.0000000e+00   0.0000000e+00
   6.0120240e-04   0.0000000e+00   0.0000000e+00
   6.2124248e-04   0.0000000e+00   0.0000000e+00
   6.4128257e-04   0.0000000e+00   0.0000000e+00
   6.6132265e-04   0.0000000e+00   0.0000000e+00
   6.8136273e-04   0.0000000e+00   0.0000000e+00
   7.0140281e-04   0.0000000e+00   0.0000000e+00
   7.2144289e-04   0.0000000e+00   0.0000000e+00
   7.4148297e-04   0.0000000e+00   0.0000000e+00
   7.6152305e-04   0.0000000e+00   0.0000000e+00
   7.8156313e-04   0.0000000e+00   0.0000000e+00
   8.0160321e-04   0.0000000e+00   0.0000000e+00
   8.2164329e-04   0.0000000e+00   0.0000000e+00
   8.4168337e-04   0.0000000e+00   0.0000000e+00
   8.6172345e-04   0.0000000e+00   0.0000000e+00
   8.8176353e-04   0.0000000e+00   0.0000000e+00
   9.0180361e-04   0.0000000e+00   0.0000000e+00
   9.2184369e-04   0.0000000e+00   0.0000000e+00
   9.4188377e-04   0.0000000e+00   0.0000000e+00
   9.6192385e-04   0.0000000e+00   0.0000000e+00
   9.8196393e-04   0.0000000e+00   0.0000000e+00
   1.0020040e-03   1.0000000e+00   0.0000000e+00
   1.0220441e-03   1.0000000e+00   7.7686757e-03
   1.0420842e-03   1.0000000e+00   4.6041335e-02
   1.0621242e-03   1.0000000e+00   1.1742381e-01
   1.0821643e-03   1.0000000e+00   2.1394813e-01
   1.1022044e-03   1.0000000e+00   3.2593135e-01
   1.1222445e-03   1.0000000e+00   4.4486205e-01
   1.1422846e-03   1.0000000e+00   5.6409949e-01
   1.1623246e-03   1.0000000e+00   6.7881599e-01
   1.1823647e-03   1.0000000e+00   7.8571540e-01
   1.2024048e-03   1.0000000e+00   8.8271912e-01
   1.2224449e-03   1.0000000e+00   9.6868292e-01
   1.2424850e-03   1.0000000e+00   1.0431606e+00
   1.2625251e-03   1.0000000e+00   1.1062134e+00
   1.2825651e-03   1.0000000e+00   1.1582602e+00
   1.3026052e-03   1.0000000e+00   1.1999601e+00
   1.3226453e-03   1.0000000e+00   1.2321239e+00
   1.3426854e-03   1.0000000e+00   1.2556451e+00
   1.3627255e-03   1.0000000e+00   1.2714508e+00
   1.3827655e-03   1.0000000e+00   1.2804640e+00
   1.4028056e-03   1.0000000e+00   1.2835781e+00
   1.4228457e-03   1.0000000e+00   1.2816391e+00
   1.4428858e-03   1.0000000e+00   1.2754343e+00
   1.4629259e-03   1.0000000e+00   1.2656855e+00
   1.4829659e-03   1.0000000e+00   1.2530468e+00
   1.5030060e-03   1.0000000e+00   1.2381038e+00
   1.5230461e-03   1.0000000e+00   1.2213757e+00
   1.5430862e-03   1.0000000e+00   1.2033184e+00
   1.5631263e-03   1.0000000e+00   1.1843279e+00
   1.5831663e-03   1.0000000e+00   1.1647454e+00
   1.6032064e-03   1.0000000e+00   1.1448619e+00
   1.6232465e-03   1.0000000e+00   1.1249224e+00
   1.6432866e-03   1.0000000e+00   1.1051313e+00
   1.6633267e-03   1.0000000e+00   1.0856564e+00
   1.6833667e-03   1.0000000e+00   1.0666336e+00
   1.7034068e-03   1.0000000e+00   1.0481703e+00
   1.7234469e-03   1.0000000e+00   1.0303498e+00
   1.7434870e-03   1.0000000e+00   1.0132339e+00
   1.7635271e-03   1.0000000e+00   9.9686658e-01
   1.7835671e-03   1.0000000e+00   9.8127619e-01
   1.8036072e-03   1.0000000e+00   9.6647824e-01
   1.8236473e-03   1.0000000e+00   9.5247740e-01
   1.8436874e-03   1.0000000e+00   9.3926942e-01
   1.8637275e-03   1.0000000e+00   9.2684278e-01
   1.8837675e-03   1.0000000e+00   9.1518013e-01
   1.9038076e-03   1.0000000e+00   9.0425956e-01
   1.9238477e-03   1.0000000e+00   8.9405565e-01
   1.9438878e-03   1.0000000e+00   8.8454037e-01
   1.9639279e-03   1.0000000e+00   8.7568389e-01
   1.9839679e-03   1.0000000e+00   8.6745523e-01
   2.0040080e-03   1.0000000e+00   8.5982275e-01
   2.0240481e-03   1.0000000e+00   8.5275469e-01
   2.0440882e-03   1.0000000e+00   8.4621946e-01
   2.0641283e-03   1.0000000e+00   8.4018598e-01
   2.0841683e-03   1.0000000e+00   8.3462388e-01
   2.1042084e-03   1.0000000e+00   8.2950374e-01
   2.1242485e-03   1.0000000e+00   8.2479716e-01
   2.1442886e-03   1.0000000e+00   8.2047691e-01
   2.1643287e-03   1.0000000e+00   8.1651698e-01
   2.1843687e-03   1.0000000e+00   8.1289263e-01
   2.2044088e-03   1.0000000e+00   8.0958040e-01
   2.2244489e-03   1.0000000e+00   8.0655813e-01
   2.2444890e-03   1.0000000e+00   8.0380490e-01
   2.2645291e-03   1.0000000e+00   8.0130109e-01
   2.2845691e-03   1.0000000e+00   7.9902826e-01
   2.3046092e-03   1.0000000e+00   7.9696918e-01
   2.3246493e-03   1.0000000e+00   7.9510772e-01
   2.3446894e-03   1.0000000e+00   7.9342887e-01
   2.3647295e-03   1.0000000e+00   7.9191863e-01
   2.3847695e-03   1.0000000e+00   7.9056398e-01
   2.4048096e-03   1.0000000e+00   7.8935285e-01
   2.4248497e-03   1.0000000e+00   7.8827401e-01
   2.4448898e-03   1.0000000e+00   7.8731710e-01
   2.4649299e-03   1.0000000e+00   7.8647249e-01
   2.4849699e-03   1.0000000e+00   7.8573129e-01
   2.5050100e-03   1.0000000e+00   7.8508528e-01
   2.5250501e-03   1.0000000e+00   7.8452688e-01
   2.5450902e-03   1.0000000e+00   7.8404909e-01
   2.5651303e-03   1.0000000e+00   7.8364544e-01
   2.5851703e-03   1.0000000e+00   7.8330999e-01
   2.6052104e-03   1.0000000e+00   7.8303724e-01
   2.6252505e-03   1.0000000e+00   7.8282215e-01
   2.6452906e-03   1.0000000e+00   7.8266007e-01
   2.6653307e-03   1.0000000e+00   7.8254672e-01
   2.6853707e-03   1.0000000e+00   7.8247815e-01
   2.7054108e-03   1.0000000e+00   7.8245074e-01
   2.7254509e-03   1.0000000e+00   7.8246115e-01
   2.7454910e-03   1.0000000e+00   7.8250633e-01
   2.7655311e-03   1.0000000e+00   7.8258344e-01
   2.7855711e-03   1.0000000e+00   7.8268989e-01
   2.8056112e-03   1.0000000e+00   7.8282330e-01
   2.8256513e-03   1.0000000e+00   7.8298146e-01
   2.8456914e-03   1.0000000e+00   7.8316236e-01
   2.8657315e-03   1.0000000e+00   7.8336413e-01
   2.8857715e-03   1.0000000e+00   7.8358507e-01
   2.9058116e-03   1.0000000e+00   7.8382359e-01
   2.9258517e-03   1.0000000e+00   7.8407825e-01
   2.9458918e-03   1.0000000e+00   7.8434770e-01
   2.9659319e-03   1.0000000e+00   7.8463071e-01
   2.9859719e-03   1.0000000e+00   7.8492615e-01
   3.0060120e-03   1.0000000e+00   7.8523296e-01
   3.0260521e-03   1.0000000e+00   7.8555018e-01
   3.0460922e-03   1.0000000e+00   7.8587691e-01
   3.0661323e-03   1.0000000e+00   7.8621234e-01
   3.0861723e-03   1.0000000e+00   7.8655569e-01
   3.1062124e-03   1.0000000e+00   7.8690625e-01
   3.1262525e-03   1.0000000e+00   7.8726339e-01
   3.1462926e-03   1.0000000e+00   7.8762649e-01
   3.1663327e-03   1.0000000e+00   7.8799498e-01
   3.1863727e-03   1.0000000e+00   7.8836837e-01
   3.2064128e-03   1.0000000e+00   7.8874615e-01
   3.2264529e-03   1.0000000e+00   7.8912789e-01
   3.2464930e-03   1.0000000e+00   7.8951317e-01
   3.2665331e-03   1.0000000e+00   7.8990161e-01
   3.2865731e-03   1.0000000e+00   7.9029284e-01
   3.3066132e-03   1.0000000e+00   7.9068653e-01
   3.3266533e-03   1.0000000e+00   7.9108238e-01
   3.3466934e-03   1.0000000e+00   7.9148009e-01
   3.3667335e-03   1.0000000e+00   7.9187940e-01
   3.3867735e-03   1.0000000e+00   7.9228004e-01
   3.4068136e-03   1.0000000e+00   7.9268180e-01
   3.4268537e-03   1.0000000e+00   7.9308445e-01
   3.4468938e-03   1.0000000e+00   7.9348778e-01
   3.4669339e-03   1.0000000e+00   7.9389161e-01
   3.4869739e-03   1.0000000e+00   7.9429575e-01
   3.5070140e-03   1.0000000e+00   7.9470005e-01
   3.5270541e-03   1.0000000e+00   7.9510433e-01
   3.5470942e-03   1.0000000e+00   7.9550847e-01
   3.5671343e-03   1.0000000e+00   7.9591231e-01
   3.5871743e-03   1.0000000e+00   7.9631574e-01
   3.6072144e-03   1.0000000e+00   7.9671863e-01
   3.6272545e-03   1.0000000e+00   7.9712086e-01
   3.6472946e-03   1.0000000e+00   7.9752235e-01
   3.6673347e-03   1.0000000e+00   7.9792298e-01
   3.6873747e-03   1.0000000e+00   7.9832266e-01
   3.7074148e-03   1.0000000e+00   7.9872131e-01
   3.7274549e-03   1.0000000e+00   7.9911885e-01
   3.7474950e-03   1.0000000e+00   7.9951519e-01
   3.7675351e-03   1.0000000e+00   7.9991027e-01
   3.7875752e-03   1.0000000e+00   8.0030403e-01
   3.8076152e-03   1.0000000e+00   8.0069639e-01
   3.8276553e-03   1.0000000e+00   8.0108731e-01
   3.8476954e-03   1.0000000e+00   8.0147672e-01
   3.8677355e-03   1.0000000e+00   8.0186457e-01
   3.8877756e-03   1.0000000e+00   8.0225083e-01
   3.9078156e-03   1.0000000e+00   8.0263543e-01
   3.9278557e-03   1.0000000e+00   8.0301834e-01
   3.9478958e-03   1.0000000e+00   8.0339953e-01
   3.9679359e-03   1.0000000e+00   8.0377895e-01
   3.9879760e-03   1.0000000e+00   8.0415658e-01
   4.0080160e-03   1.0000000e+00   8.0453237e-01
   4.0280561e-03   1.0000000e+00   8.0490631e-01
   4.0480962e-03   1.0000000e+00   8.0527836e-01
   4.0681363e-03   1.0000000e+00   8.0564850e-01
   4.0881764e-03   1.0000000e+00   8.0601670e-01
   4.1082164e-03   1.0000000e+00   8.0638296e-01
   4.1282565e-03   1.0000000e+00   8.0674724e-01
   4.1482966e-03   1.0000000e+00   8.0710953e-01
   4.1683367e-03   1.0000000e+00   8.0746981e-01
   4.1883768e-03   1.0000000e+00   8.0782807e-01
   4.2084168e-03   1.0000000e+00   8.0818429e-01
   4.2284569e-03   1.0000000e+00   8.0853846e-01
   4.2484970e-03   1.0000000e+00   8.0889058e-01
   4.2685371e-03   1.0000000e+00   8.0924063e-01
   4.2885772e-03   1.0000000e+00   8.0958861e-01
   4.3086172e-03   1.0000000e+00   8.0993450e-01
   4.3286573e-03   1.0000000e+00   8.1027830e-01
   4.3486974e-03   1.0000000e+00   8.1062000e-01
   4.3687375e-03   1.0000000e+00   8.1095961e-01
   4.3887776e-03   1.0000000e+00   8.1129711e-01
   4.4088176e-03   1.0000000e+00   8.1163251e-01
   4.4288577e-03   1.0000000e+00   8.1196580e-01
   4.4488978e-03   1.0000000e+00   8.1229699e-01
   4.4689379e-03   1.0000000e+00   8.1262606e-01
   4.4889780e-03   1.0000000e+00   8.1295303e-01
   4.5090180e-03   1.0000000e+00   8.1327789e-01
   4.5290581e-03   1.0000000e+00   8.1360064e-01
   4.5490982e-03   1.0000000e+00   8.1392129e-01
   4.5691383e-03   1.0000000e+00   8.1423984e-01
   4.5891784e-03   1.0000000e+00   8.1455629e-01
   4.6092184e-03   1.0000000e+00   8.1487064e-01
   4.6292585e-03   1.0000000e+00   8.1518291e-01
   4.6492986e-03   1.0000000e+00   8.1549309e-01
   4.6693387e-03   1.0000000e+00   8.1580119e-01
   4.6893788e-03   1.0000000e+00   8.1610722e-01
   4.7094188e-03   1.0000000e+00   8.1641118e-01
   4.7294589e-03   1.0000000e+00   8.1671307e-01
   4.7494990e-03   1.0000000e+00   8.1701291e-01
   4.7695391e-03   1.0000000e+00   8.1731070e-01
   4.7895792e-03   1.0000000e+00   8.1760645e-01
   4.8096192e-03   1.0000000e+00   8.1790017e-01
   4.8296593e-03   1.0000000e+00   8.1819185e-01
   4.8496994e-03   1.0000000e+00   8.1848152e-01
   4.8697395e-03   1.0000000e+00   8.1876918e-01
   4.8897796e-03   1.0000000e+00   8.1905483e-01
   4.9098196e-03   1.0000000e+00   8.1933850e-01
   4.9298597e-03   1.0000000e+00   8.1962017e-01
   4.9498998e-03   1.0000000e+00   8.1989987e-01
   4.9699399e-03   1.0000000e+00   8.2017761e-01
   4.9899800e-03   1.0000000e+00   8.2045339e-01
   5.0100200e-03   1.0000000e+00   8.2072722e-01
   5.0300601e-03   1.0000000e+00   8.2099911e-01
   5.0501002e-03   1.0000000e+00   8.2126907e-01
   5.0701403e-03   1.0000000e+00   8.2153712e-01
   5.0901804e-03   1.0000000e+00   8.2180325e-01
   5.1102204e-03   1.0000000e+00   8.2206749e-01
   5.1302605e-03   1.0000000e+00   8.2232984e-01
   5.1503006e-03   1.0000000e+00   8.2259032e-01
   5.1703407e-03   1.0000000e+00   8.2284892e-01
   5.1903808e-03   1.0000000e+00   8.2310567e-01
   5.2104208e-03   1.0000000e+00   8.2336057e-01
   5.2304609e-03   1.0000000e+00   8.2361364e-01
   5.2505010e-03   1.0000000e+00   8.2386488e-01
   5.2705411e-03   1.0000000e+00   8.2411431e-01
   5.2905812e-03   1.0000000e+00   8.2436194e-01
   5.3106212e-03   1.0000000e+00   8.2460777e-01
   5.3306613e-03   1.0000000e+00   8.2485182e-01
   5.3507014e-03   1.0000000e+00   8.2509410e-01
   5.3707415e-03   1.0000000e+00   8.2533461e-01
   5.3907816e-03   1.0000000e+00   8.2557338e-01
   5.4108216e-03   1.0000000e+00   8.2581041e-01
   5.4308617e-03   1.0000000e+00   8.2604571e-01
   5.4509018e-03   1.0000000e+00   8.2627930e-01
   5.4709419e-03   1.0000000e+00   8.2651118e-01
   5.4909820e-03   1.0000000e+00   8.2674136e-01
   5.5110220e-03   1.0000000e+00   8.2696986e-01
   5.5310621e-03   1.0000000e+00   8.2719669e-01
   5.5511022e-03   1.0000000e+00   8.2742186e-01
   5.5711423e-03   1.0000000e+00   8.2764537e-01
   5.5911824e-03   1.0000000e+00   8.2786724e-01
   5.6112224e-03   1.0000000e+00   8.2808749e-01
   5.6312625e-03   1.0000000e+00   8.2830611e-01
   5.6513026e-03   1.0000000e+00   8.2852313e-01
   5.6713427e-03   1.0000000e+00   8.2873855e-01
   5.6913828e-03   1.0000000e+00   8.2895238e-01
   5.7114228e-03   1.0000000e+00   8.2916464e-01
   5.7314629e-03   1.0000000e+00   8.2937533e-01
   5.7515030e-03   1.0000000e+00   8.2958447e-01
   5.7715431e-03   1.0000000e+00   8.2979206e-01
   5.7915832e-03   1.0000000e+00   8.2999812e-01
   5.8116232e-03   1.0000000e+00   8.3020265e-01
   5.8316633e-03   1.0000000e+00   8.3040568e-01
   5.8517034e-03   1.0000000e+00   8.3060720e-01
   5.8717435e-03   1.0000000e+00   8.3080723e-01
   5.8917836e-03   1.0000000e+00   8.3100578e-01
   5.9118236e-03   1.0000000e+00   8.3120286e-01
   5.9318637e-03   1.0000000e+00   8.3139848e-01
   5.9519038e-03   1.0000000e+00   8.3159265e-01
   5.9719439e-03   1.0000000e+00   8.3178537e-01
   5.9919840e-03   1.0000000e+00   8.3197667e-01
   6.0120240e-03   1.0000000e+00   8.3216655e-01
   6.0320641e-03   1.0000000e+00   8.3235502e-01
   6.0521042e-03   1.0000000e+00   8.3254209e-01
   6.0721443e-03   1.0000000e+00   8.3272776e-01
   6.0921844e-03   1.0000000e+00   8.3291206e-01
   6.1122244e-03   1.0000000e+00   8.3309499e-01
   6.1322645e-03   1.0000000e+00   8.3327656e-01
   6.1523046e-03   1.0000000e+00   8.3345677e-01
   6.1723447e-03   1.0000000e+00   8.3363565e-01
   6.1923848e-03   1.0000000e+00   8.3381319e-01
   6.2124248e-03   1.0000000e+00   8.3398942e-01
   6.2324649e-03   1.0000000e+00   8.3416433e-01
   6.2525050e-03   1.0000000e+00   8.3433793e-01
   6.2725451e-03   1.0000000e+00   8.3451025e-01
   6.2925852e-03   1.0000000e+00   8.3468128e-01
   6.3126253e-03   1.0000000e+00   8.3485103e-01
   6.3326653e-03   1.0000000e+00   8.3501952e-01
   6.3527054e-03   1.0000000e+00   8.3518675e-01
   6.3727455e-03   1.0000000e+00   8.3535274e-01
   6.3927856e-03   1.0000000e+00   8.3551749e-01
   6.4128257e-03   1.0000000e+00   8.3568100e-01
   6.4328657e-03   1.0000000e+00   8.3584330e-01
   6.4529058e-03   1.0000000e+00   8.3600439e-01
   6.4729459e-03   1.0000000e+00   8.3616427e-01
   6.4929860e-03   1.0000000e+00   8.3632296e-01
   6.5130261e-03   1.0000000e+00   8.3648047e-01
   6.5330661e-03   1.0000000e+00   8.3663680e-01
   6.5531062e-03   1.0000000e+00   8.3679196e-01
   6.5731463e-03   1.0000000e+00   8.3694596e-01
   6.5931864e-03   1.0000000e+00   8.3709881e-01
   6.6132265e-03   1.0000000e+00   8.3725052e-01
   6.6332665e-03   1.0000000e+00   8.3740110e-01
   6.6533066e-03   1.0000000e+00   8.3755055e-01
   6.6733467e-03   1.0000000e+00   8.3769888e-01
   6.6933868e-03   1.0000000e+00   8.3784610e-01
   6.7134269e-03   1.0000000e+00   8.3799222e-01
   6.7334669e-03   1.0000000e+00   8.3813726e-01
   6.7535070e-03   1.0000000e+00   8.3828120e-01
   6.7735471e-03   1.0000000e+00   8.3842407e-01
   6.7935872e-03   1.0000000e+00   8.3856587e-01
   6.8136273e-03   1.0000000e+00   8.3870661e-01
   6.8336673e-03   1.0000000e+00   8.3884630e-01
   6.8537074e-03   1.0000000e+00   8.3898494e-01
   6.8737475e-03   1.0000000e+00   8.3912254e-01
   6.8937876e-03   1.0000000e+00   8.3925912e-01
   6.9138277e-03   1.0000000e+00   8.3939467e-01
   6.9338677e-03   1.0000000e+00   8.3952921e-01
   6.9539078e-03   1.0000000e+00   8.3966274e-01
   6.9739479e-03   1.0000000e+00   8.3979527e-01
   6.9939880e-03   1.0000000e+00   8.3992681e-01
   7.0140281e-03   1.0000000e+00   8.4005736e-01
   7.0340681e-03   1.0000000e+00   8.4018694e-01
   7.0541082e-03   1.0000000e+00   8.4031555e-01
   7.0741483e-03   1.0000000e+00   8.4044319e-01
   7.0941884e-03   1.0000000e+00   8.4056988e-01
   7.1142285e-03   1.0000000e+00   8.4069562e-01
   7.1342685e-03   1.0000000e+00   8.4082041e-01
   7.1543086e-03   1.0000000e+00   8.4094428e-01
   7.1743487e-03   1.0000000e+00   8.4106721e-01
   7.1943888e-03   1.0000000e+00   8.4118923e-01
   7.2144289e-03   1.0000000e+00   8.4131033e-01
   7.2344689e-03   1.0000000e+00   8.4143052e-01
   7.2545090e-03   1.0000000e+00   8.4154981e-01
   7.2745491e-03   1.0000000e+00   8.4166821e-01
   7.2945892e-03   1.0000000e+00   8.4178572e-01
   7.3146293e-03   1.0000000e+00   8.4190236e-01
   7.3346693e-03   1.0000000e+00   8.4201811e-01
   7.3547094e-03   1.0000000e+00   8.4213301e-01
   7.3747495e-03   1.0000000e+00   8.4224703e-01
   7.3947896e-03   1.0000000e+00   8.4236021e-01
   7.4148297e-03   1.0000000e+00   8.4247254e-01
   7.4348697e-03   1.0000000e+00   8.4258402e-01
   7.4549098e-03   1.0000000e+00   8.4269467e-01
   7.4749499e-03   1.0000000e+00   8.4280449e-01
   7.4949900e-03   1.0000000e+00   8.4291349e-01
   7.5150301e-03   1.0000000e+00   8.4302167e-01
   7.5350701e-03   1.0000000e+00   8.4312904e-01
   7.5551102e-03   1.0000000e+00   8.4323561e-01
   7.5751503e-03   1.0000000e+00   8.4334138e-01
   7.5951904e-03   1.0000000e+00   8.4344635e-01
   7.6152305e-03   1.0000000e+00   8.4355054e-01
   7.6352705e-03   1.0000000e+00   8.4365394e-01
   7.6553106e-03   1.0000000e+00   8.4375657e-01
   7.6753507e-03   1.0000000e+00   8.4385844e-01
   7.6953908e-03   1.0000000e+00   8.4395953e-01
   7.7154309e-03   1.0000000e+00   8.4405987e-01
   7.7354709e-03   1.0000000e+00   8.4415946e-01
   7.7555110e-03   1.0000000e+00   8.4425830e-01
   7.7755511e-03   1.0000000e+00   8.4435640e-01
   7.7955912e-03   1.0000000e+00   8.4445377e-01
   7.8156313e-03   1.0000000e+00   8.4455040e-01
   7.8356713e-03   1.0000000e+00   8.4464632e-01
   7.8557114e-03   1.0000000e+00   8.4474151e-01
   7.8757515e-03   1.0000000e+00   8.4483599e-01
   7.8957916e-03   1.0000000e+00   8.4492976e-01
   7.9158317e-03   1.0000000e+00   8.4502282e-01
   7.9358717e-03   1.0000000e+00   8.4511519e-01
   7.9559118e-03   1.0000000e+00   8.4520687e-01
   7.9759519e-03   1.0000000e+00   8.4529786e-01
   7.9959920e-03   1.0000000e+00   8.4538816e-01
   8.0160321e-03   1.0000000e+00   8.4547779e-01
   8.0360721e-03   1.0000000e+00   8.4556675e-01
   8.0561122e-03   1.0000000e+00   8.4565504e-01
   8.0761523e-03   1.0000000e+00   8.4574267e-01
   8.0961924e-03   1.0000000e+00   8.4582964e-01
   8.1162325e-03   1.0000000e+00   8.4591596e-01
   8.1362725e-03   1.0000000e+00   8.4600163e-01
   8.1563126e-03   1.0000000e+00   8.4608666e-01
   8.1763527e-03   1.0000000e+00   8.4617105e-01
   8.1963928e-03   1.0000000e+00   8.4625481e-01
   8.2164329e-03   1.0000000e+00   8.4633795e-01
   8.2364729e-03   1.0000000e+00   8.4642045e-01
   8.2565130e-03   1.0000000e+00   8.4650234e-01
   8.2765531e-03   1.0000000e+00   8.4658362e-01
   8.2965932e-03   1.0000000e+00   8.4666428e-01
   8.3166333e-03   1.0000000e+00   8.4674434e-01
   8.3366733e-03   1.0000000e+00   8.4682380e-01
   8.3567134e-03   1.0000000e+00   8.4690267e-01
   8.3767535e-03   1.0000000e+00   8.4698094e-01
   8.3967936e-03   1.0000000e+00   8.4705863e-01
   8.4168337e-03   1.0000000e+00   8.4713573e-01
   8.4368737e-03   1.0000000e+00   8.4721226e-01
   8.4569138e-03   1.0000000e+00   8.4728821e-01
   8.4769539e-03   1.0000000e+00   8.4736359e-01
   8.4969940e-03   1.0000000e+00   8.4743841e-01
   8.5170341e-03   1.0000000e+00   8.4751266e-01
   8.5370741e-03   1.0000000e+00   8.4758636e-01
   8.5571142e-03   1.0000000e+00   8.4765951e-01
   8.5771543e-03   1.0000000e+00   8.4773210e-01
   8.5971944e-03   1.0000000e+00   8.4780416e-01
   8.6172345e-03   1.0000000e+00   8.4787567e-01
   8.6372745e-03   1.0000000e+00   8.4794665e-01
   8.6573146e-03   1.0000000e+00   8.4801709e-01
   8.6773547e-03   1.0000000e+00   8.4808700e-01
   8.6973948e-03   1.0000000e+00   8.4815640e-01
   8.7174349e-03   1.0000000e+00   8.4822527e-01
   8.7374749e-03   1.0000000e+00   8.4829362e-01
   8.7575150e-03   1.0000000e+00   8.4836146e-01
   8.7775551e-03   1.0000000e+00   8.4842880e-01
   8.7975952e-03   1.0000000e+00   8.4849562e-01
   8.8176353e-03   1.0000000e+00   8.4856195e-01
   8.8376754e-03   1.0000000e+00   8.4862778e-01
   8.8577154e-03   1.0000000e+00   8.4869312e-01
   8.8777555e-03   1.0000000e+00   8.4875796e-01
   8.8977956e-03   1.0000000e+00   8.4882232e-01
   8.9178357e-03   1.0000000e+00   8.4888620e-01
   8.9378758e-03   1.0000000e+00   8.4894959e-01
   8.9579158e-03   1.0000000e+00   8.4901252e-01
   8.9779559e-03   1.0000000e+00   8.4907497e-01
   8.9979960e-03   1.0000000e+00   8.4913695e-01
   9.0180361e-03   1.0000000e+00   8.4919846e-01
   9.0380762e-03   1.0000000e+00   8.4925952e-01
   9.0581162e-03   1.0000000e+00   8.4932012e-01
   9.0781563e-03   1.0000000e+00   8.4938026e-01
   9.0981964e-03   1.0000000e+00   8.4943995e-01
   9.1182365e-03   1.0000000e+00   8.4949920e-01
   9.1382766e-03   1.0000000e+00   8.4955800e-01
   9.1583166e-03   1.0000000e+00   8.4961636e-01
   9.1783567e-03   1.0000000e+00   8.4967428e-01
   9.1983968e-03   1.0000000e+00   8.4973176e-01
   9.2184369e-03   1.0000000e+00   8.4978882e-01
   9.2384770e-03   1.0000000e+00   8.4984545e-01
   9.2585170e-03   1.0000000e+00   8.4990165e-01
   9.2785571e-03   1.0000000e+00   8.4995743e-01
   9.2985972e-03   1.0000000e+00   8.5001280e-01
   9.3186373e-03   1.0000000e+00   8.5006774e-01
   9.3386774e-03   1.0000000e+00   8.5012228e-01
   9.3587174e-03   1.0000000e+00   8.5017641e-01
   9.3787575e-03   1.0000000e+00   8.5023013e-01
   9.3987976e-03   1.0000000e+00   8.5028345e-01
   9.4188377e-03   1.0000000e+00   8.5033636e-01
   9.4388778e-03   1.0000000e+00   8.5038888e-01
   9.4589178e-03   1.0000000e+00   8.5044101e-01
   9.4789579e-03   1.0000000e+00   8.5049275e-01
   9.4989980e-03   1.0000000e+00   8.5054410e-01
   9.5190381e-03   1.0000000e+00   8.5059506e-01
   9.5390782e-03   1.0000000e+00   8.5064564e-01
   9.5591182e-03   1.0000000e+00   8.5069584e-01
   9.5791583e-03   1.0000000e+00   8.5074567e-01
   9.5991984e-03   1.0000000e+00   8.5079512e-01
   9.6192385e-03   1.0000000e+00   8.5084420e-01
   9.6392786e-03   1.0000000e+00   8.5089291e-01
   9.6593186e-03   1.0000000e+00   8.5094126e-01
   9.6793587e-03   1.0000000e+00   8.5098924e-01
   9.6993988e-03   1.0000000e+00   8.5103687e-01
   9.7194389e-03   1.0000000e+00   8.5108413e-01
   9.7394790e-03   1.0000000e+00   8.5113105e-01
   9.7595190e-03   1.0000000e+00   8.5117761e-01
   9.7795591e-03   1.0000000e+00   8.5122382e-01
   9.7995992e-03   1.0000000e+00   8.5126968e-01
   9.8196393e-03   1.0000000e+00   8.5131520e-01
   9.8396794e-03   1.0000000e+00   8.5136038e-01
   9.8597194e-03   1.0000000e+00   8.5140522e-01
   9.8797595e-03   1.0000000e+00   8.5144973e-01
   9.8997996e-03   1.0000000e+00   8.5149390e-01
   9.9198397e-03   1.0000000e+00   8.5153774e-01
   9.9398798e-03   1.0000000e+00   8.5158125e-01
   9.9599198e-03   1.0000000e+00   8.5162443e-01
   9.9799599e-03   1.0000000e+00   8.5166729e-01
   1.0000000e-02   1.0000000e+00   8.5170983e-01
